bins	ANE_004_05M	ANE_004_40M	ANE_150_05M	ANE_150_40M	ANE_151_05M	ANE_151_80M	ANE_152_05M	ANW_141_05M	ANW_142_05M	ANW_145_05M	ANW_146_05M	ANW_148_05M	ANW_149_05M	ASE_66_05M	ASE_66_30M	ASE_67_05M	ASE_68_05M	ASE_68_50M	ASE_70_05M	ASW_72_05M	ASW_72_100M	ASW_76_05M	ASW_78_05M	ASW_82_05M	ASW_82_40M
AG_349_G23	0.05512208216155287	0.037545573177187985	0.3102350555786527	0.45162662480807914	0.1269751351988213	0.10310733108681015	0.042717421073984733	1.7678105000511928	2.206358042584082	2.2601612744835506	2.0755575618200997	1.9897600631893588	1.5509960923261563	0.1787484592816481	0.14020914831157236	3.0456199241897024	0.03241742429585397	0.026345316749605736	0.3370481767979803	3.402722784421287	1.030107077105534	3.6778535414661517	2.5916293605075373	4.392310308055907	4.989878983393312
AG_404_D14	0.13367014480068393	0.08270587231569985	0.7728184030758631	1.1449068357062155	0.32187548401676	0.20954910815026465	0.07233611742643796	2.824229891786941	3.6076030674553015	1.557614579471606	3.3263098759587546	3.126881806450946	3.084827441639182	0.28157785614625774	0.2574439432100219	0.3729903475021614	0.06741755387646124	0.05899723300273018	0.7398793691645605	6.065692413997556	2.0151248588858373	7.15054554087807	5.506462525804016	0.8869578229221999	0.13257738524898255
AG_422_K10	0.12491102178762346	0.08034739639887448	0.4917894501284397	0.6769075207064202	0.2456647850847569	0.19601335806908995	0.1267356699505802	1.3065627758563767	1.827590524676958	2.4485472217840982	1.8757742388890823	1.695973526459243	1.9411728346551598	0.29642230140814496	0.24809470030940092	2.7951641121921464	0.0892896000920027	0.07467746600537604	0.38994208757184745	3.076385444718315	1.1078349885588696	3.483254333819519	2.9471527509187694	4.960405557868373	4.8521338317579
AG_893_K05	0.061236641455849776	0.04284354235057117	0.3637269260982012	0.5394593184423044	0.14699497059704122	0.11771558545467539	0.04596656199109605	2.9578756949004825	3.1283342861740366	2.882878491059292	2.4780624631519026	2.592880896800721	1.7037222098225657	0.19592426166138888	0.16531732464736057	3.364713163585233	0.031784624697877	0.02598806874356293	0.31326783835571337	3.7044000956507723	1.0692196893700057	3.826778288684913	2.648333238813553	5.249348863040845	5.4696409947665465
AH_321_C14	0.0716738599660566	0.06480905256440997	0.25186264182946516	0.3452340290883749	0.1349367308671319	0.10489204017554127	0.0666553372743419	0.17346671762790766	0.3390863941586245	0.3921400250668526	0.5359089878517381	0.4578708862624808	0.9112006239486895	0.12560489473693093	0.12064905230837684	0.5032455702185936	0.04626544680894887	0.04038413282288109	0.32017805292308776	0.8863616940394249	0.5645610587834053	0.8832696470599302	0.9143417877542077	0.4185933841665957	0.3905368386509721
AS9601	0.05046880979717972	0.027494993853238052	0.27264274809552463	0.39814955476975544	0.10693122827115695	0.0702919159139036	0.040772742192047184	2.0673940697617748	2.5764590715243996	1.0851979719845404	2.1166431866208644	1.9611980923952324	1.2996552559102978	0.12423485994688616	0.10697731188274678	0.050168539459797816	0.03582133878328427	0.030474603966165158	0.23693419876454913	3.1215507765152726	0.8527877372565068	3.01317036176346	2.146091281969561	0.2851541783606431	0.1461679429254672
CCMP1375	0.0012713467798770822	0.0059504283650621504	0.002636849685576299	0.002267901163045925	0.001809507593214861	0.024524221032255145	0.0052664679133868336	0.025619893335046617	0.00225072559183205	0.2655902542122405	0.007463360524225368	0.007731253218300076	0.016975073301915094	0.007193686636166545	0.009135421105387896	0.40571112724250086	0.004712304713726786	0.004624663545915107	0.009658325906781064	0.0007073291311213216	0.06676393227609524	0.0009248255247320435	0.0013268817400716986	0.5411417327836676	0.36843908554033794
EQPAC1	49.93689452947649	19.016038966705782	39.436997837705626	36.420196435158374	48.522736237581476	38.48205207477855	42.72332365313386	0.07509338073951516	0.0785609747512314	2.5229791304613274	0.3243647208499085	0.38041257457245015	9.998189990126475	30.687343607172558	31.46124404433065	5.004909255888717	35.213119625885405	32.69437960826858	7.226394319104318	0.1598474872392436	0.2778880540660295	0.45259093222720204	8.742220232495644	5.662092704118389	6.346758945081327
GP2	0.06434603586270277	0.04064787100096182	0.30028100346176434	0.4287747318488216	0.13769067934566886	0.09889909779569729	0.04531053495504098	1.0044092970001464	1.369084432718588	0.7556161599264628	1.333165585740628	1.2097342888076692	1.234341754849914	0.12290016253884678	0.10478951063324975	0.422414077346659	0.03483297628391117	0.029952460259676874	0.24226263316175412	2.2850713943951004	0.7502233176809544	2.5928037743869012	2.0208600209127328	0.5078959969831867	0.24903657130985457
JFKN01	0.005640360684226228	0.0031234951432649216	0.022130073654805404	0.029539281234539458	0.0085507143178034	0.006504035384450839	0.003980162533366997	0.4638472571142733	0.2943255691915873	0.10841563828121387	0.2015553404591545	0.27157903975938963	0.10555464827423762	0.008289427154751223	0.006019813016319214	0.0	0.00285168726403084	0.0032584459988753067	0.013525970715188646	0.1982428925215617	0.053971598830602006	0.17542789432310366	0.13503453914702762	0.02603939716476425	0.0005939175169377272
JFKO01	0.01168432431191259	0.008459720823105105	0.10627787384833857	0.1602712312844209	0.03317452667069518	0.0197426156231194	0.004832678268530692	0.8478761936587254	1.0781328400589667	0.36621376469363737	0.8086788869300272	0.836108698535572	0.5660452553457828	0.039664784066324496	0.02442475151768919	0.0009324422849712504	0.004656817246051772	0.0055329896797048726	0.09163310242540876	1.2863345158715513	0.34285759245035397	1.196128244400096	0.7877056589853093	0.05865584118082009	0.01820521419800075
JFKP01	0.017395438855127027	0.04643610205144595	0.03136338197071912	0.03832911486855986	0.015922812791238184	0.026913771892362683	0.017474747309141028	0.37387796610648416	0.2437741335675339	0.14697714788315233	0.18056644760736607	0.24493454549235721	0.10336538688257235	0.03495727986975151	0.0386418327918818	0.012228907693082294	0.02072865651550784	0.024070980856154944	0.04018265959458662	0.15304007689107701	0.12150870394437197	0.15553244760058593	0.10525001314249803	0.0478520838905572	0.009621486348507837
JFKQ01	0.013670271407109124	0.00510798699197497	0.024819757824938126	0.027179424107298632	0.01308942889621723	0.00855478764507297	0.008774074473912243	0.4704802033472926	0.2923048192371137	0.1989645944334355	0.2145788445007931	0.3133767038423305	0.09081869859603735	0.01617857145450688	0.005154655197104971	0.1122154443672918	0.006060154442855174	0.005478000466498042	0.012440422451051938	0.13775094102472563	0.03544064104535769	0.1326005372917876	0.10094321689955263	0.06225535269489848	0.05936039881774061
JFKR01	0.02163738307308276	0.011258844835668377	0.02908748906085031	0.03315623200444045	0.02334383267153647	0.02136448603315044	0.015365756388385747	0.41750406941311163	0.2446058758969477	0.1772847568803221	0.16759788737161838	0.2384763615833687	0.06862958691112049	0.03240244992977661	0.06680124151994754	1.2065506614765562	0.012198152187087712	0.010619905354299974	0.018137012358031526	0.13106080991615215	0.04579965514903136	0.12208617590647958	0.08773737793742227	2.3173769810392506	0.36044955612635393
JFKS01	0.003161066285643017	0.0030857073206077687	0.06250670399283591	0.09333373787819495	0.0197026196663627	0.011419062333362233	0.002251186913930419	0.7230018357743249	1.1310795442971053	0.38882320248671415	0.834954714548287	0.843177818791698	0.343103736512921	0.020442614818670133	0.01495225177546452	0.0	0.001770767237922607	0.0015143836432340515	0.060256710376175894	0.7797501673321265	0.22343016777207317	0.689494036519452	0.47514459218371696	0.008217272251611972	0.0021831085457128586
JFKT01	0.009845559586114659	0.004556757083195561	0.021388853768283592	0.02964464613117725	0.01153074977477843	0.008716610447519438	0.007035814412384484	0.48053240266063174	0.3427149732829486	0.2809347741990816	0.2121456903424943	0.3823544379359372	0.10184598974044508	0.014402204278520566	0.007779495845782648	0.06621282796962222	0.006022964149834858	0.004695785235875819	0.012207091955121848	0.1847243294383574	0.04567289104240727	0.17163892479189258	0.1270257410457515	0.06581545555629545	0.047676526160151826
JFKU01	0.009357454267544611	0.004852548717217692	0.04018442047511818	0.05547151901160114	0.016203256659239808	0.010959198849429214	0.004500806885403576	0.45532713140107695	0.486464430400709	0.2179058912597009	0.3414797844631986	0.35503331851258274	0.17874956987850107	0.015053411618659706	0.013978209347729795	0.0	0.7084001313019967	0.003456314363514418	0.028731565632269803	0.3981827085282935	0.10070865422215464	0.3440230393673093	0.25856740828944597	0.13129138176416927	0.11980236192666695
JFKV01	0.004821011688724059	0.0044701230113895355	0.04485074000586345	0.055656300418981265	0.013798113772307526	0.008677425755088826	0.003196249180083174	0.5296996425097265	0.6812018357975702	0.11358375922422176	0.4285505929770994	0.5904315945000869	0.2468207439528338	0.006920330940474143	0.008352814540842983	0.013363789451013242	0.002083805860102571	0.0017658368867691095	0.03157282713475655	0.4023724949030306	0.10575499468471777	0.41736725440302236	0.30252164368018614	0.044609431825627384	0.028602857084400825
JFKW01	0.005559173109440737	0.0023717310328409793	0.015706943924932843	0.020311589172176077	0.008178215795134655	0.003995667986881368	0.0030760138850451438	0.40652948588869403	0.27558924877892493	0.0932195137344918	0.17532987676935963	0.28933562137029006	0.06990966445665747	0.005556853017215226	0.005572236667574992	0.0	0.0012175104457862425	0.0010213584479332894	0.00898425170166667	0.15162194830152917	0.0372392094431398	0.1352384038437768	0.10343383641928035	0.020162145169872695	0.006874750611251514
JFKX01	0.009313360465604006	0.004726224741085271	0.02113361299711734	0.026242748593496706	0.01107373175999429	0.011072056405202342	0.0045825959166338704	0.47389840166034447	0.317419471529685	0.07019575856207393	0.198166903172645	0.29371509191997636	0.08206003022069798	0.006572350001535409	0.0027335578620175205	0.023668710130452002	0.005933388193142022	0.00315779705621289	0.012776197159949067	0.16611908107765838	0.03579914632401389	0.15799556549050645	0.11379541927601049	0.01936904239582672	0.020547385107553665
JFKY01	0.006434656921846804	0.002674404258513144	0.01866097703433407	0.021596790627919582	0.007982406847892736	0.005711732043059761	0.004323105657176334	0.4361316542120271	0.25696864645816697	0.0767356915021687	0.15400694349519078	0.2732131356881596	0.06733677376418068	0.0067102902188997966	0.0025679474736929873	0.0019666030102805953	0.0035299353971088693	0.0021779720370683144	0.009853407230845218	0.13443781571399008	0.039493579618129354	0.11766592277563499	0.08781993175447615	0.0031764993757522255	0.0
JFKZ01	0.009352780257537788	0.004850609645565336	0.023672228579995513	0.02675358418513445	0.011369365356724033	0.009133945992763707	0.008963789657226169	0.45349826615821054	0.3214217890850444	0.10796265671028654	0.2122227149617125	0.34756311055764183	0.09297713545414099	0.015761063069451978	0.009643510527026793	0.03691400149351849	0.005425296677207549	0.005565230198792294	0.019787752860303324	0.16847135460171925	0.059952737610111335	0.14831487620163214	0.1101846069610127	0.09809705179246508	0.08937711431975412
JFLA01	0.27422902656116777	0.09298018931047432	0.3915345623393963	0.4392277625585353	0.30422520414164056	0.22506194051139508	0.20943068947620957	1.8688920802631228	2.3671746177198836	0.8108976706892953	1.9690434961182637	1.8485842401421373	1.0840664318072855	0.14548384440752132	0.09815220332382063	0.01762842907648	0.042125243051663805	0.041437115385146356	0.09851140997712353	1.6660308624688247	0.4272861234586165	1.6104681588254521	1.7230982404192678	0.1202610872733962	0.023970404650952102
JFLB01	0.019624423950378108	0.008106809416650942	0.0277674804222353	0.033660274773262396	0.01795044251647506	0.014648978979436287	0.013101668867709042	0.44802154937331157	0.31262388465571656	0.16463864876036613	0.19378502798494524	0.3283014144271301	0.08281636663769398	0.023352071447553496	0.013074920931483935	0.024619752541836022	0.011145667174317827	0.011157290307620199	0.019331128551830012	0.15864429848032713	0.04128564252528254	0.1407743866659319	0.10271318316665412	0.15408115768019356	0.1085922710370137
JFLC01	0.010350311470626468	0.006054270420390236	0.015278572096736585	0.01667010492477431	0.011785308987353322	0.010601603897087251	0.010202921778418842	0.3480596926072508	0.23352825709177732	0.19900490783528824	0.14066952091994578	0.2608991892462413	0.06211304386931661	0.01013433467107059	0.009735064363844751	0.10754924304475831	0.006870188745223435	0.006655145543702638	0.012410601721265508	0.09967649063684973	0.027529298069682125	0.09415264622723711	0.07046708268719779	0.13895121498875607	0.20855199713085193
JFLD01	0.007255284837089948	0.003330590567934711	0.022940221512947744	0.03783414454283704	0.011333457595513753	0.005752578872193687	0.0041322891799193354	0.34796443998960375	0.37375317137853264	0.08991819208881545	0.23892690039612188	0.2884166485785906	0.11794712922953747	0.008420873540285718	0.01073593905335354	0.011846203051349157	0.002894211296875868	0.0024546581935793316	0.017588194995040298	0.26961699549802237	0.060724493484068796	0.23020731306094908	0.16579942382016197	0.02377797397759148	0.018057166863671648
JFLE01	0.07529579355703186	0.03708118878765915	0.27164235570243056	0.397157321529053	0.1304158731342935	0.08756523529397663	0.040150741933782215	6.767961856577137	3.9751549822854444	1.9985877106088552	2.555192097217712	6.033044761479668	1.225614612642466	0.0966839433985354	0.07118405176245549	0.08786354341421426	0.029907133645174864	0.02608418476771472	0.2157633542111391	2.533556003698337	0.49222766980194976	1.5591528906250371	1.3589261219638162	0.07543978314825187	0.09394687617743086
JFLF01	0.0034678022402178997	0.003065342597551974	0.013545105342965937	0.015827225761542992	0.006307414038166069	0.004667022837125732	0.0030052914469813337	0.3361033216982582	0.23327788950906067	0.23688355156394128	0.15074817254526848	0.2485361563664437	0.0549853688524597	0.005111145840141871	0.005497140046738116	0.012581841675217642	0.002336994700757721	0.0015999840225314785	0.013051228342110756	0.117873678040318	0.03314064297989945	0.1033045122415434	0.07607372987655858	0.009639898956013866	0.14679443247608454
JFLG01	0.036463557277516025	0.015484832305848599	0.11947947262059258	0.1693171241767389	0.05328197098715337	0.0378096998636483	0.032847685590939694	1.108308254714102	1.7411211069030526	2.064213467633498	1.0652630589071683	1.0916131430581382	0.537931450404782	0.04361371870752873	0.052242913671935634	0.9858796572343413	0.024150102259394124	0.0239003786712969	0.08539843585714837	1.1114271089236487	0.31428313610828984	1.147594153076386	0.7828956544636214	0.29316993036067807	0.27503118580009844
JFLH01	0.006004579046807967	0.003974434673940999	0.021393966253866938	0.027096271787214493	0.008827121190427526	0.0053316891167813855	0.0037506019473474376	0.42413680799546116	0.30248251610573657	0.07424879994286394	0.21204437066278836	0.28973860025575326	0.08688082416477348	0.006885546646590113	0.009945463853746889	0.0012458149668121935	0.002904981428124562	0.002327219241238201	0.010339083813826092	0.1843394635223462	0.05384774511750458	0.17241867068194758	0.12480706286648148	0.02066233864640326	0.007948441925872959
JFLI01	0.01612688227018851	0.004779327179905937	0.021805401401075952	0.02490611217873697	0.016051904693036894	0.009991717027272641	0.008518074447219788	0.4188741963533166	0.2715495019753292	0.08646609625231765	0.18295001574932937	0.25184147987832256	0.07331754355372187	0.014291694899209444	0.011032859423568806	0.0	0.007730454353838906	0.006232800865919333	0.015352390975238774	0.15972180730264118	0.03862503215855368	0.14422933582828856	0.09677537839369019	0.005403782336188593	8.975915268831057e-05
JFLJ01	0.12080182549189036	0.08910144785800474	0.4003379115146472	0.5773823295521961	0.1830090089519456	0.15797823212678605	0.070345810858028	0.252995589494883	0.5187787817502745	0.30572291731058476	0.8407041603557485	0.764156906296483	1.4167473867742213	0.1466654894928178	0.10910270207827262	2.3732524618249147	0.06952071828872791	0.0600330945558053	0.19535136507033404	0.7046189687928077	0.49409311656446575	0.8552872914215541	1.0064857128540001	0.12908289338931456	0.03654799812918976
JFLK01	0.023966328534158598	0.012679603368178602	0.1089264046069739	0.14638076669322783	0.0461332828130692	0.03277124360506312	0.017448246968782503	0.9807913551958457	1.3482454600399587	0.5659366176687849	1.159982940309159	1.0599611707502332	0.544937797747282	0.04505331063949042	0.04550037152567158	0.27705084128778773	0.012101348088905537	0.01056347047228207	0.04999207681198307	0.8739280707176138	0.2103310759142357	0.8297203952749911	0.8622451155262414	0.3320076189077485	0.1980761697810481
JFLL01	0.025689668101368822	0.013688436813564795	0.04798223976292477	0.05825225443928866	0.031255360632569826	0.02489427943451925	0.01656699022349569	0.4742269621949725	0.5427280836910408	0.21339297366907523	0.35603169991626804	0.47484810707707703	0.1838234242623456	0.02205157563566912	0.024781339678944324	0.047344749802715434	0.011199148455833124	0.013538960620843815	0.042113114049554215	0.3110172987057061	0.09178170337105286	0.29072481598523287	0.23167130011521414	0.02486223757009334	0.017558626104344874
JFLM01	0.018308807166922566	0.008228930913563559	0.025168312804961304	0.028101710372968304	0.01842236287875353	0.01778836736249788	0.01430356888544491	0.5423081521268605	0.2872531690967222	0.20290363717120274	0.18135513775615394	0.30173548445384507	0.06675281978632452	0.01104263687183516	0.01473284743453566	0.05979774483264734	0.010166938598179917	0.007863202940566815	0.01810812545469771	0.145699856314052	0.038693530537139004	0.1317562344279614	0.09485703179668326	0.0638200047143529	0.054396382629859734
JFLN01	0.014865005820384011	0.0071861999613666025	0.028453822089401525	0.0344877075512648	0.024721029247588042	0.015188912161022408	0.019821348824606344	0.5446085143995558	0.35685259816323844	0.10202614116665466	0.24510003795304533	0.38684799313891927	0.1037128345015892	0.011064566814648567	0.017073564673895734	0.0359260503335463	0.009543428706939687	0.009309282063374044	0.01785338982280257	0.15647465097232083	0.049594290902536406	0.1428627621389075	0.11267293942104827	0.10709494098107732	0.1133398460541659
JFLO01	0.02682357795013314	0.015504468873468442	0.06003523460361866	0.06783941194075968	0.03725366729367631	0.024269208753418526	0.02919819782263928	0.591692225666828	0.5891474425030593	0.3787952299725797	0.4143370027635817	0.5784307484514901	0.22450739405014797	0.057646851649002046	0.04528484817712108	0.014933201606664748	0.017187278938855105	0.01793231616631125	0.04166311164686926	0.33699928592832956	0.09957958753686588	0.3535370985036684	0.26347839818213337	0.08262103807843255	0.053486313322538295
JFLP01	0.015564163310761815	0.005798267064080807	0.027684341326095104	0.032522542630843435	0.021172957691483262	0.014715067262271656	0.010649558147588365	0.5692286093400162	0.3701049493052598	0.14563688423235324	0.23876244105483718	0.3633958316557618	0.09040937419358162	0.011618821376041678	0.007697596337928565	0.006829687893518505	0.010029316894735553	0.008131427363363936	0.015274595989131872	0.18210616175643607	0.042677241566917934	0.17394252471688348	0.12398660924371727	0.08510372362441296	0.0935803323866309
JFLQ01	0.008400902370276155	0.004320766934921162	0.03946812077681746	0.05003997696999373	0.015968714654170626	0.008330339795748319	0.006024979572044174	0.5741557170457067	0.6263676774191695	0.2526335068656745	0.41437298169796505	0.6005865023611671	0.19145948860279813	0.019380443231356126	0.00951295899174732	0.015749086663523922	0.0056569196363123	0.004785089151949604	0.02680226060034858	0.3352421487702051	0.08931174501691116	0.33323598995186554	0.2553350128210111	0.024653430329552344	0.013103063676520674
JFLR01	0.012038473350113248	0.004663748345057332	0.02796569128150579	0.030266958915629274	0.01558616931181985	0.014134911234358494	0.009411708629589982	0.3715553388156265	0.28226071370068956	0.10717934326835693	0.18167875546367118	0.2685563970953233	0.09842381381086439	0.012604644831239088	0.013064284991275469	0.001236345909936615	0.008457285962345169	0.006220293310411068	0.02102837692740144	0.16263207109673902	0.04640022711344905	0.15730828358841858	0.1089243373464061	0.027770824612441288	0.017838604033294292
JFLS01	0.009866464706039068	0.004018152345166383	0.020327016041788794	0.02552898968007868	0.013169283303728517	0.007154359810450098	0.007802120104644331	0.5140930135032258	0.2958758785058312	0.07495220247828932	0.18464903584198042	0.2838824150629923	0.08061195559720019	0.012310033801983476	0.005608910436476589	0.03373052867055955	0.005451951399905061	0.004519555461851709	0.012901272709963484	0.14683562077167514	0.03486930236727347	0.13143134943657575	0.10023759621222807	0.03392826352759944	0.0551886662354863
JFLT01	0.03952829034305488	0.02309777587630198	0.17129818256345986	0.2175890255628218	0.07882153110723505	0.058738313731469094	0.028085655566217164	1.1476856380452418	1.5750938909531957	0.6045677149790146	1.2277041479033521	1.1669758848598288	0.7354463899152809	0.06805349605654085	0.036579565150732005	0.02507830817445598	0.010619834725928931	0.010009778797268892	0.09741713483962651	1.5099037893909422	0.3915541587173392	1.3662410029586198	1.0801135505622736	0.11680999873266405	0.047254677652715876
JFLU01	0.04694462901437037	0.02316073016463009	0.12859459032827195	0.16738357085288408	0.06295798304915542	0.04963460381565778	0.03184887520145663	0.7769127136055981	1.0010294987431752	0.3673108167095796	0.7691801017057633	0.7109579708409273	0.5138208525597119	0.03379209582402612	0.023296109217038966	0.004064651500546938	0.009279721297305091	0.006965800469033909	0.06701753294358685	1.0941953434001528	0.28008305748537415	1.0047045848340652	0.7361499215945538	0.07468133137631862	0.012201034031425965
JFLV01	0.051707838594539327	0.04862837922416526	0.18871396366043644	0.4446025433438519	0.3978512598681477	0.14230239452445387	0.08097354175622798	0.5088610902404715	0.29652069578710316	0.6877067203083423	0.19471310370465866	0.2701735248223484	0.283679751470155	0.24155159055093292	0.14421853171770121	0.26591799956678536	0.03587376598757415	0.029153363094038064	0.028095655722191724	0.617047304044529	0.2344182440525215	0.32869143306540843	0.24870903042831238	0.0036006811104103867	0.005927646830238543
JFLW01	0.01739944316240321	0.007762835011511047	0.0229119873700585	0.02446871017287834	0.014893846535863843	0.010663564287443892	0.012572770200175882	0.5382147021991908	0.35999312991421206	0.11581897305518521	0.2410746269756054	0.39852310024172405	0.08285377826235989	0.010207612101537838	0.01132825401914128	0.012242199774256446	0.007096448323629444	0.007487584890812351	0.014407610057324438	0.1395707736159679	0.04003304209347344	0.1290760837192288	0.09534505550046334	0.01708493975231475	0.019307969005841346
JFLX01	0.09040731608110218	0.035470672817783246	0.13278146214123993	0.14453125238051798	0.09909318188437115	0.08410918633616786	0.05906059549476572	0.7672009955297207	0.8792372333402092	0.3745251035650954	0.6132145166825608	0.7627509187540857	0.3354474836897507	0.041828557104578105	0.027397736792639137	0.008916435619464856	0.0177430288795598	0.016081450786248862	0.037579637958571686	0.4400309575132542	0.1149702643043653	0.43583886866446936	0.35356348669250953	0.04153013695522014	0.031108811376401712
JFLY01	0.009735693112308501	0.004807991598982217	0.020146548353645502	0.02178420781218259	0.014063609538374296	0.009442901015427354	0.009818964645927459	0.3794779927017386	0.265075778648604	0.0660319244370437	0.1650162071574971	0.28885350895879947	0.07950773031949183	0.013160117147466704	0.00819426433359401	0.09732169078146365	0.007695877530135525	0.006166442264481641	0.010719869731031244	0.09932576828819785	0.025935118475488007	0.09118837230059774	0.06394094140564796	0.16454858221166005	0.6559991903438471
JFLZ01	0.01904814395696591	0.008595285184137581	0.0764733789017269	0.11198870059547494	0.030688942672636946	0.04082828075704279	0.017179274863286322	0.7443186757088688	1.1092417715283114	2.0016222636062357	0.7125931091841039	0.729465377390696	0.40910661018297245	0.44819276103344236	1.2485839905829217	0.00028242683665676417	0.3322762757030968	0.30119579189472784	0.05342615817216086	0.8168745126286654	0.24931483191272216	0.7922285449674604	0.5460184869118148	3.5400082876702146	2.123349800458621
JFMA01	0.013414562526583053	0.004095153984440963	0.01517318770788875	0.017451927713370667	0.008247105287756287	0.0053734889321190955	0.006185739027220303	0.3625379815680388	0.22283516047307797	0.1062854980142602	0.1500842972226347	0.22026814463101535	0.04116140921852953	0.007829130232811819	0.009580548415637768	0.0	0.006345279230921015	0.005773404597122306	0.00803329307005225	0.1129149832769604	0.027821632909994076	0.10468409691099402	0.0751728897830041	0.02813213195493641	0.0029346244497429935
JFMB01	0.05223149386923743	0.01917901481795331	0.09192059973210327	0.12832534234972207	0.045530366305951524	0.06448758004610439	0.026986464047465332	0.8009877946341315	1.0542172356482504	10.848334478076064	1.036191976791162	0.6530759393351798	0.5459054732651559	0.6000704249913276	1.418433802194869	0.0	0.4035350635569826	0.32443908109127917	0.06106009743257064	1.0015011836099856	0.45184440680150917	0.9516370479553274	0.7218155829388679	30.127753348829298	27.132884236006234
JFMC01	0.03281095885077247	0.015666278964707177	0.05583427230679464	0.06541732342696328	0.037325097911322755	0.030630225668343496	0.028537480348704007	0.5305709929541049	0.5774826971435942	0.18103283936428244	0.37331495935375425	0.5522929532237768	0.1542331594878524	0.02584506416070496	0.02243015762192416	0.1281560379838314	0.014210502252663317	0.011612678878533723	0.03111421514451179	0.3181915085304403	0.09537406854185033	0.31497617750446083	0.23559562752696958	0.26713032197085734	0.17306346677085058
JFMD01	0.023023507144272773	0.008490678613534756	0.027469163885359568	0.031174610734509906	0.020918763194255383	0.01734117525598689	0.01982582098975093	0.398045848578189	0.314333131390172	0.10945055756927742	0.20088378635867585	0.29147102375390177	0.0710599578648516	0.022746945231437086	0.01776568681485967	0.011097234651663396	0.01442076273013418	0.01023878110761405	0.01919889044009813	0.14099145045795422	0.03564781551969865	0.12436608418634067	0.09557085206954292	0.003822513619160012	0.00022761183237105594
JFME01	0.008284504672447872	0.0038985101395641675	0.02738675107463304	0.038141162814852456	0.012486774206501355	0.006874544557739186	0.0038957934508772165	0.41042701053254166	0.43498202866136837	0.060366331736981346	0.29573666612800154	0.35633857853825746	0.12905625955995975	0.006399910867281389	0.012188968299346008	0.0	0.0044751471338658365	0.0047530982011880826	0.01903833980764804	0.31268867251848054	0.07002753845937065	0.256515120098767	0.1806402369757317	0.021752464494376622	0.0008701753398687275
JFMF01	0.02206140849332373	0.012808701453325981	0.1785883829909576	0.23913251124900478	0.057893484282993575	0.036425912172484726	0.007667789167910363	1.1895240753284837	1.5534600345595047	0.573266034724191	1.2743709541790325	1.2159183894164989	0.8998877800022245	0.0627227293590903	0.05089944119642854	0.17284515943615286	0.005988443431376227	0.005488107300116956	0.14097639459415878	1.8087658138908773	0.44692913515880417	1.7250606522630372	1.3729970310565702	0.1799687339275958	0.007820353295859686
JFMG01	0.01914598756435618	0.00781876322029449	0.026164201235865995	0.029009561489713464	0.016059720320510593	0.013227074805391793	0.011968959143200255	0.4719634506018949	0.35006702044050353	0.13840311058303684	0.23514550756669386	0.3259230154435001	0.1037127158818668	0.013566887780736656	0.008946435151863757	0.01391398985811394	0.013358628123412779	0.010049649801086455	0.020962498533348813	0.1865423209553297	0.045304160723412486	0.16755236572975024	0.11702776263251952	0.05049097301772217	0.10289305628986557
JFMH01	0.036255347531852646	0.02031243652356622	0.14914255922546835	0.20974803625366287	0.12058146138899092	0.08301664465614819	0.03521569274256621	3.4982183063937864	1.9346604045787792	3.4954721817202805	1.481273656207523	2.997281817610553	0.8617491302100946	0.08955894656277853	0.06607684277495819	0.11842606833116173	0.0392525209507404	0.03553345286479797	0.10896411555400637	1.1724804451288569	0.2541898313231935	0.7298014494384327	0.6257714393714457	0.1428631757069639	0.0036601629705083445
JFMI01	0.02388441986884569	0.011409826609528412	0.044450039573637065	0.054502285983740364	0.031481908862428555	0.02072079976977532	0.013605143478360109	0.4908245021155074	0.36432389644337304	0.09002925887268927	0.23907626533342655	0.3461048252040661	0.13122819348515558	0.0177886048776491	0.011406988894623934	0.021234443237567298	0.009291307522119612	0.009225053275006619	0.020905867521108786	0.21043231392896292	0.054041183731515105	0.22143166184997679	0.20935194598363543	0.04005737606132171	0.016100365749355965
JFMJ01	0.011700345442018752	0.005250537962084319	0.03950044276883051	0.054300214558697456	0.019442438212784255	0.013430729441997491	0.012891326067244909	0.5275885858321878	0.5781459085671696	0.1794179040098641	0.4084821799741447	0.5526644632984775	0.18272954325203503	0.01691400875674451	0.019620373100445582	0.00883755648104768	0.006425171735884043	0.0076015753438026315	0.030792902329242863	0.3267494517586418	0.08051480942645786	0.3065560193115099	0.2329351206030131	0.0283777268288045	0.015042974727923281
JFMK01	0.013721231398350728	0.006293013295904543	0.06584759764256334	0.09270600658061938	0.02737283902388038	0.01501983543518105	0.006327270910884154	0.629444863711429	0.929915216831326	0.34802767871656587	0.6941780442820098	0.5236152254602384	0.3413381876760332	0.03000602424666985	0.021790064217208003	0.029551561866302544	0.003982568389440446	0.003197989211057923	0.04566812693095408	0.6712747766257474	0.16863100426226568	0.6012954910902822	0.45174609103407876	0.03102025404679879	0.022342974094467134
JFML01	0.022476709499978723	0.01132114295883863	0.17848925648527947	0.25581692936932116	0.06026396824181194	0.0361659460994968	0.015876460618457107	1.9095720640230232	2.2942857875447427	0.9731456433988024	1.9682882364120655	2.1400253777459826	0.9158587030011773	0.07855657256874315	0.0627562255542	0.009260648744822067	0.0117245663887804	0.012315179223859378	0.09064794124210186	1.5280383782605171	0.4035604401563969	1.4328979127071961	1.6622398057979015	0.09106032730200123	0.020843305133991092
JFMM01	0.022975842684953732	0.007872371900052575	0.042116156243459296	0.05225486618715462	0.026452193197538002	0.014847172331394015	0.008789070977008375	0.45141622014308236	0.4886585299914431	0.15170220789776379	0.32975944778976246	0.36292468419433516	0.17055971640139703	0.020352955596293673	0.00732289676475344	0.0	0.007306504923446331	0.008508324286835137	0.027981267514260357	0.37290170695552716	0.09881979735132287	0.3401320219772384	0.2490395066727668	0.013493398971733473	0.0
JFMN01	0.03971009600368625	0.018546430728326905	0.13164721413068034	0.15927542571287587	0.05575909514298858	0.042620664357309324	0.028675372985796782	0.9278716283787629	1.3969940392593734	0.3986339444795486	0.8442039561896301	0.9319887692823392	0.4668922169563787	0.04133620462426282	0.03719284553231467	0.12026464636470563	0.030773868666043015	0.026761334235660125	0.06852717681942412	1.1074219025892138	0.27008898171943846	1.0726337483868749	0.7427242255481057	0.1235624450341668	0.12214400633879073
JFMO01	0.012309061236397084	0.005547379420954817	0.03419852333259526	0.0440064150469337	0.015642273285542463	0.010993496519579595	0.008679555515967032	0.42779641324919987	0.43542112015162976	0.22731155758866953	0.30687506288216104	0.3325019241678129	0.14743881124033792	0.01600127948297982	0.013020982861811463	0.0	0.0069356277304425005	0.006418449687480614	0.018644010710809268	0.30040614420331474	0.07795211763513661	0.2785322577781361	0.20982366031383956	0.010758569432405917	0.0010425274475843293
JFMP01	0.016426246220151448	0.006589513170203391	0.03685449229240162	0.042846343721334536	0.021389671545983945	0.017191540334516416	0.009584286812069234	0.4519941134228771	0.4957294205879942	0.25152136656611607	0.33839749506759875	0.35750906512500136	0.17303304939892242	0.018860093142104805	0.009881324561289751	0.02898126069138997	0.009001744324608468	0.006807398776992763	0.02104936593455628	0.2987831704639797	0.0674516742564939	0.26780911299371596	0.19858468040641192	0.9556093840897518	0.821621857560884
JFMQ01	0.017695795344652272	0.008295397078536524	0.03595386469890348	0.04119675989381626	0.02192033535117287	0.01996433208785977	0.01413409373918799	0.46532035248197395	0.3970752253190278	0.17385590084523048	0.2841290598444785	0.38478296948594215	0.12189670430477559	0.019217568659374865	0.012615514575144959	0.015801863331528408	0.011399101251355605	0.010307030079436817	0.02344593090877444	0.24643677749170473	0.06538083389848162	0.23301596941309077	0.1674786987117338	0.020635412700778673	0.0010112191224669938
JFMR01	0.029619189414659713	0.016522884859320925	0.10551402265119392	0.1478885743196604	0.05332972469131815	0.038274933963213444	0.02761164364372643	0.8888974186521008	1.3513819421632354	0.4646171543329929	1.0822658766234792	1.106582244701133	0.47540222750563066	0.04969124842743937	0.03418393167123744	0.07881499603460601	0.016965073018559026	0.018019800325754756	0.07396147802242009	0.967133674411967	0.25384551495683305	0.9215496803225424	0.6539822100066842	0.07133797050842343	0.11028643834938827
JFMS01	0.007413048819887673	0.0034046502539995627	0.020839692739321566	0.025403798241094688	0.012031960998364996	0.006651573956228911	0.007181851496129492	0.3448146637995702	0.2364713396190305	0.12306712184177411	0.16288435471493898	0.2619598261676374	0.06891977722434987	0.009046962369212581	0.006933255143409785	0.0	0.0035905552362773805	0.0033034158053287794	0.013694278530141078	0.14691497053392952	0.03754858791431594	0.1356666339745888	0.09033229073075637	0.00040000535934551736	0.002393746616296151
JFMT01	0.006307778379528366	0.0027727069410961695	0.014365261973585008	0.018323409926939475	0.006638224390329784	0.005743125138291432	0.005584992792907356	0.3702480063502119	0.25945777377230717	0.07509833282450776	0.15174778738459163	0.26392058790489903	0.04408989726545187	0.004196014847092659	0.0025965249192329916	0.0	0.004231469070106914	0.003045980953567067	0.009428907819174975	0.12370763917480725	0.02920690188748645	0.1048700106654885	0.07087908906127573	0.003458670888078334	0.00031932389866893163
JFMU01	0.006967986096896029	0.001854243989228225	0.016367492797406027	0.02305132281019649	0.005767860126719993	0.005858132628981303	0.0053109535616603165	0.5135212315515535	0.28659343413950644	0.10244604783200505	0.19410914869712548	0.2686682024272986	0.0775692411230308	0.0032320707683943916	0.0027180190476747395	0.006671926662123628	0.0012846163711745556	0.0011971148106261085	0.01043253964751568	0.1694238226579267	0.03883374469556956	0.15469262564057754	0.1014383286012039	0.004483976341245034	0.0010970722554542393
JFMV01	0.022344364989203065	0.011915478904635955	0.05154472710066837	0.06942210443397757	0.02996153895704687	0.025677483103954273	0.0173260331837878	0.6802450974730012	0.7280457722745599	0.2202481798609575	0.4930323820253732	0.6872297356446022	0.21692685892034028	0.03234829327244052	0.013164039938378063	0.04068382693290136	0.009605157539585192	0.009909815926015987	0.03228395224012344	0.38617433436494664	0.10446183091516699	0.3756322896944128	0.27360975075674854	0.15623335235504943	0.026425688882024748
JFMW01	0.0033231995124639955	0.0016097303561205655	0.018399295637726642	0.026364888279261596	0.006399829556947586	0.0024603640303763464	0.002708021111488563	0.28443256549366563	0.30437434066999197	0.10841594555196861	0.20142291495046977	0.23804997999180175	0.10060438788328481	0.009814743898960311	0.007815762282681158	0.0	0.0014651556695103789	0.0009637370447742752	0.01184568488332441	0.2364538959716076	0.053402873518050634	0.20149443420248106	0.13999783281412315	0.0023251895854451226	0.0005577724513936077
JFMX01	0.01400300643381646	0.0060927779796588885	0.0316829598035057	0.034096370359189124	0.01511230391800764	0.009063598437617087	0.010453982339788736	0.538544438615166	0.3751830737146402	0.14689910364903536	0.26164204084602993	0.38488943258218256	0.10580369415780132	0.02480300053551735	0.023522743380712294	0.0	0.0068386878512171016	0.007977465399143178	0.017527425141679546	0.18410164028250112	0.04306859548503452	0.1822860517450449	0.1414679366353061	0.014793088015747316	0.0013903962591188391
JFMY01	0.018524213381590042	0.009821370732880022	0.05155174072619057	0.05983578636344484	0.027014795854703382	0.016950517639011863	0.01595745190039271	0.5373490557745746	0.40330281511661514	0.21813049435379467	0.2879768377423555	0.3696306728984739	0.18958980351159374	0.02633749378560657	0.013392067638545292	0.020156266540475847	0.010836749678888551	0.006819038767856375	0.032821658134583334	0.3402410567657057	0.09497301543109121	0.3204195661177595	0.2414057071208796	0.06803966890374732	0.03619498108463035
JFMZ01	0.030770152629291298	0.014647680743701407	0.07788209571109429	0.09730091271224288	0.04952749679404984	0.03115609159212589	0.020651664990366112	0.6170756735876145	0.7552584597862569	0.25127070549013597	0.6003796530165625	0.6570180601802998	0.3073652656507274	0.021206160958945734	0.015619567036597158	0.02648100919516425	0.016034652805550626	0.010424165885044434	0.04478087707694966	0.4980127565763876	0.13804864819652132	0.4823479059682458	0.40328018800976917	0.026902254636184685	0.026136817684329346
JFNA01	0.01911164322957345	0.010586062691257685	0.041719829957421246	0.05219460512074694	0.028996933604491567	0.0207359817782629	0.014713020427415882	0.3897209100307701	0.42287882433449325	0.0906820747346687	0.29510566492633294	0.4232492369993842	0.15506992187125979	0.018919896951074835	0.01695446437868521	0.06526303119913586	0.009923877501602878	0.010104306462809217	0.026047498325930535	0.27312288588369044	0.07535158744689881	0.2634930533226691	0.2022527402167986	0.02285166150661199	0.10095586796532474
JFNC01	0.008350137540062008	0.0036209039695306944	0.011907177792024113	0.013060097081863275	0.005800943405878098	0.005767722619043506	0.00485915787846221	0.3247462050291999	0.21966329409748866	0.05038151247433838	0.13358044194170368	0.2307989434740999	0.05664353509745395	0.007967108550428783	0.005454765326078768	0.0	0.004455818378593631	0.0024135725099337854	0.007048286303763519	0.08845570100692078	0.02421835176214736	0.08775114128090387	0.058625493832582434	0.014451575647304324	0.0
JFND01	0.05560099454955753	0.0253788263815137	0.13093382596677766	0.16512321683292275	0.07236726461817695	0.050511066178772566	0.037882792035893086	0.834474656938678	1.2973773155877744	0.3184301710861618	1.1323472083684023	1.060875879445714	0.534046686313444	0.04158472053834278	0.043120968628094676	0.0066379860159585255	0.026904392797248496	0.023119812141448638	0.07512302250068593	0.9635055465943462	0.2531933775048419	0.9763529005836147	0.72516788938347	0.06082308593922824	0.014785847066615536
JFNE01	0.02316644310536631	0.009618760309187268	0.03689674960712651	0.054458933994697464	0.018233460325656897	0.019868935594334506	0.010531306804944308	0.5499251455985417	0.5849752631738271	4.451679346093734	0.4850621042784076	0.49006103110432675	0.21475492068930044	0.22827065082101766	0.6826568596658581	0.020786084429695005	0.21640658298358914	0.17372068814922773	0.02353646828876656	0.35153909363854574	0.15711727874286202	0.3405490753120006	0.2395439030417422	10.89018671749147	9.967575002896984
JFNF01	0.006179832935891003	0.0020452345787607697	0.013284805372944835	0.016496917810578517	0.0073852658094453304	0.004574302266380694	0.0029391824407042277	0.43590578992661233	0.22795288685152637	0.0688058912874526	0.15649575805990035	0.2326171031309269	0.06180194844091808	0.004468100199584102	0.005793524924646674	0.01171468518071876	0.0028172104911543664	0.0033528214378841887	0.0065937140773615404	0.1082392511594961	0.024910828477403977	0.09479196517871889	0.07180493448423601	0.04027081948906285	0.026574615321085897
JFNG01	0.01743795011797551	0.009037932548399748	0.07995256805546531	0.10429116850988253	0.0339760199721773	0.02296527709355696	0.009811862929839845	0.7238197018509593	0.9061138471102459	0.2829220592675801	0.6573019103828109	0.6286492252805025	0.3751723818512654	0.0461641809593925	0.023878739251850464	0.007620103017778565	0.006967194115694461	0.005806121395576038	0.05902281795235405	0.8533603475396108	0.21311959366178357	0.7561348385997257	0.5447873404891403	0.09744809821844005	0.023259788286145146
JFNH01	0.14366112396741887	0.05955965544657874	0.28132345296125966	0.3300649163229415	0.18764828754837307	0.12810777444897695	0.12281479383028679	1.1765618838565939	1.589929460872173	0.5015365200847286	1.3425185580078385	1.3892446679167165	0.8266471143701845	0.14710444059066083	0.14303148043102612	0.0026219511490406418	0.10171571045658716	0.09096380786287639	0.13271923476766798	1.7435604641043674	0.446739150907499	1.7191182305469512	1.195663450451579	0.1596844238069323	0.01813256728596275
JFNI01	0.012646778276789835	0.007419873817077236	0.08822776332121092	0.11771868961023156	0.027588157549432165	0.018795945511721937	0.006917834793826932	0.9169648800587895	1.396724086416619	0.3354168990355724	0.8288710805555721	0.8734318877958553	0.47442085302783404	0.031638082075665486	0.02142369406652012	0.0	0.0037973225150466305	0.003551086797059184	0.07389889937748104	1.0839778829795481	0.26919522262709217	1.1106913457947891	0.6743559537826367	0.09479428837357604	0.018020651511369667
JFNJ01	0.014036605845926454	0.008237443186861511	0.061754166396353616	0.08181985448126565	0.024775133065907493	0.014000941926704227	0.010728932679043825	0.7340809894227617	0.6772424273057152	0.26467228252891906	0.5328189418762469	0.5980670344919395	0.29701345045656674	0.018919900001077475	0.02469972466137989	0.004071821832339247	0.006877417300436225	0.0050914835611009755	0.050388962382710824	0.6114039774366328	0.16233606521034719	0.5536812398022498	0.44046598727162817	0.04606446553950304	0.010139805088059558
JFNK01	0.00631893371777201	0.0029152265362321055	0.01725948742017662	0.019969314653672934	0.00817007901505736	0.004612105808761564	0.004855869444407913	0.45114809526435085	0.27176162036923185	0.14547987010998778	0.1821621356990015	0.3085616555546967	0.07751287563361761	0.009498130912645997	0.005238157164282348	0.03404645495477014	0.004647026720993546	0.0032724704559878802	0.010621797394079915	0.11429583003448143	0.030526649699804356	0.10250228394144212	0.08045912229507712	0.03604499689832859	0.08206165568310926
JFNL01	0.1376226132203576	0.046969953325266246	0.0650873438614314	0.07491858464022239	0.12874786218671772	0.13330196308500114	0.028195723636480055	0.7327610795695942	0.3029404566811585	0.2070603638581014	0.18237769608276277	0.30486913880098687	0.1034382554675106	0.025931036537021005	0.01783353721786264	0.0	0.01363685473506982	0.010360048531973453	0.011634204615692999	0.23062698022741335	0.055669596528881204	0.1652430413992805	0.11682513793645984	0.0675479479408443	0.0001697903230581956
JFNM01	0.01681153173515038	0.00866272528102407	0.05368857116288643	0.0683210958180857	0.027806173467125682	0.017699592675630843	0.014025057446547176	0.6382667511308843	0.7490489403660506	0.23525134434250627	0.5329622067924018	0.6682508075174955	0.22979371910585183	0.02547617237014554	0.023328571234432834	0.08766370449817792	0.009926732584859401	0.009992283399759177	0.0407330151793153	0.4262211222525279	0.11919457429200545	0.46180913367917487	0.33250969719648255	0.08186806849687016	0.03521227738792402
JFNN01	0.02526947725771945	0.007919837202339844	0.05543215196328618	0.06908486266827175	0.02606498154464779	0.020131969420000104	0.012700932612598893	0.6163809787606508	0.6921843181180365	0.3171058399391472	0.436178086206689	0.48122322745402035	0.22094480870664934	0.02613698482334385	0.03068179849937361	0.001519083089745309	0.012666698484655943	0.010342932017283436	0.02846427791914026	0.5134051893808839	0.12476448037215955	0.4489002007225873	0.28550660894897245	0.006064424460457019	0.0007674883385686937
JFNO01	0.008357727136259933	0.003906425072409927	0.01856326838864682	0.025382901068968556	0.012768026389541085	0.007093683251133128	0.0055566369892991645	0.3817689515763884	0.25067991694178854	0.12737586062627737	0.18414963420462782	0.2769310228834797	0.07816921620980595	0.010543517298818082	0.007189304881970411	0.003021990020993081	0.006004842263783998	0.003427519442736445	0.012759311045050905	0.13117637098306004	0.032278714902502184	0.1242258247526537	0.09911246132780584	0.004003098457292157	0.0009411517190142417
JFNP01	0.037063416314021456	0.020578027790496924	0.1869767930287071	0.2579658517157218	0.07242762890833958	0.04593978012088987	0.02815890697835487	1.4835751000125024	2.007192854221936	0.7048023211344943	1.675188114454723	1.5883761467696536	0.9287683244500434	0.08858680763671568	0.04602893784807948	0.01346607297833883	0.022693082759137336	0.0181536061041174	0.10925223124086487	1.586890308681551	0.4120616231316523	1.566628416567589	1.5089175904680165	0.23939989693345134	0.19234652543293798
JFNQ01	0.03545141557367226	0.01249401748032177	0.09659550395471758	0.12401562011313078	0.0417950567890907	0.031128300367189186	0.015711846120022143	0.8148101570992061	0.7898533368416314	0.24225101440953262	0.6102699738038794	0.64579852888922	0.39851345195500115	0.04672114391892113	0.027360772987304154	0.014956868620295388	0.014178486421270937	0.010604139536169581	0.06938510707750177	0.8370032777192203	0.2281046447893177	0.7787943637011342	0.5705484820919966	0.1095313178056462	0.0891763207188917
JFNR01	0.009967354757130753	0.006336438969322235	0.01879376618684872	0.023547678410635976	0.013980267675698996	0.01347346809767423	0.011984917150743825	0.38895431585195733	0.2839097166761456	0.1334716875888879	0.1960475941407287	0.2769153912457304	0.08269244025922565	0.014087450827722057	0.0017782676075710191	0.0029421048160603986	0.00609542069563136	0.004750611338862387	0.016752666588167518	0.1276599364841524	0.03769782566424021	0.11465231351504916	0.08811037452958445	0.07099532369570706	0.0770267517916082
JFNS01	0.011160441479142712	0.005577910916645503	0.025436131199028565	0.029322398411719998	0.016211269765723294	0.008957162092600895	0.011690702293345588	0.4250861185585969	0.2920385055942334	0.10690389720091509	0.21336867931319894	0.2924403916131061	0.08926749909621615	0.01190908250901192	0.0057348696336153755	0.0	0.00679056976684052	0.0043933635983784925	0.017491537743739387	0.14570825704825666	0.044870308445961224	0.13551269212607112	0.10307678105108739	0.08368180544927625	0.1027041189159874
JFNT01	0.015096856330701963	0.006169425167944276	0.045426785866274	0.062142975287808246	0.024871787663485894	0.017136634309474902	0.01301788339804842	0.5085895155997625	0.5402690437250817	0.1735593835587624	0.3805958259680827	0.4228301676764348	0.18615299803752106	0.022613869090658007	0.021783095330375195	0.0	0.006792553717534387	0.007713057060701102	0.028440245652627528	0.46079700363550813	0.10861093535080299	0.42140073916539367	0.3291460149050392	0.0849516155363573	0.03235915812881426
JFNU01	0.08107538027239074	0.051427814117100686	0.36612819248411427	0.48776079035438835	0.1820235313976915	0.1150930672488698	0.06184739525644442	1.1719540615727644	0.9576193186864888	0.4372291286458371	0.9391154651575562	1.2941833322714915	1.264922626017339	0.08621351834534978	0.06908425720501644	0.026605968458073236	0.01823481001891216	0.017674054197746477	0.23798225344962026	1.7962032602576141	0.5296574972048259	1.7781371687139538	1.7979139761701393	0.08972191231579693	0.024014151469193945
JFNV01	0.0063778792510169125	0.0035762379026356332	0.040171658717828344	0.05262708062254648	0.015486034325499921	0.008145383191766687	0.0033324567869890197	0.39094524089150207	0.43818706152133163	0.10195498601024723	0.28644454433833405	0.3449486344412655	0.16758233027882793	0.0049189984467018005	0.022432837586061037	0.03746491840033962	0.0016846631416498157	0.00134689672100433	0.02258467203873713	0.3576720468476688	0.09054260172257698	0.32532616927326025	0.2549247820851335	0.06456622550243725	0.02993706880667436
JFNW01	0.004289687782898155	0.0019559044335464783	0.018249738580199473	0.022476828703519833	0.007649771140578677	0.005877284659711333	0.0018651291616078073	0.4462218363378146	0.2898798894089899	0.06876347449335145	0.18186154142820846	0.29812834855826026	0.07275936011969733	0.011619847951527639	0.006181526465903833	0.0012494848899359194	0.0020015209598966545	0.002036866634259518	0.009872973812656855	0.14673182681415256	0.03593959210274698	0.1308259220262595	0.09730657729606436	0.02034787645026191	0.0007861091727229723
JFNX01	0.022770591127401305	0.00807413426074882	0.0272482858634048	0.029066363939823515	0.016916140928638475	0.013106665970854072	0.015176206472496467	0.46970231646873783	0.32143297375540286	0.16296584631380456	0.17920277300461868	0.35337384526215276	0.07432742700270985	0.011461557772925991	0.010229712616584159	0.0	0.00951406750763405	0.008620482763278857	0.015618074182306535	0.1480022367152985	0.031461099093837784	0.13617668155709248	0.10272973427721506	0.08257698776523738	0.0
JFNY01	0.013852206252548138	0.007544264747495478	0.038348296243957074	0.04519109259057777	0.02097487072974711	0.014726063971219254	0.01904687593365436	0.3904694530743663	0.4572602078125563	0.1503933376970187	0.3028132135603846	0.4110230641229806	0.15040214710310507	0.022846727474999738	0.021869710989358686	0.05164437405516136	0.012246323802857522	0.009530587978199674	0.021337636060404737	0.251739281162082	0.06481285514410522	0.23245772228714165	0.1768933736684679	0.0507525022358329	0.03262026587623065
JFNZ01	0.013479642206950953	0.005940974112157514	0.025620763793263588	0.03325997176511284	0.014869477273549593	0.008925770856889089	0.009171134839538353	0.5276675195738922	0.4034102941607511	0.2293396036474579	0.2428645333644655	0.3663069839893796	0.0874203047032099	0.009721101695375493	0.004577487881309203	0.042801048087853344	0.007841807697198763	0.007336993616126512	0.019441096186060564	0.19759571602482315	0.04586345944071135	0.1760703424218451	0.13030742160743716	0.010360524253154087	0.03297562121156611
JFOA01	0.01588316645452306	0.010007949896152328	0.030768661012800562	0.04666917537164585	0.01888503626121872	0.020011801820186463	0.010546455231122982	0.9926433368830313	0.37153794914586913	1.7814323568119892	0.39919237590468126	0.5366590437010335	0.3077973416475785	0.09240164398619294	0.06962604464143426	0.30822199863236827	0.006957530191005989	0.006303952997165162	0.01825481836277011	0.19691916214249516	0.11372066719807072	0.26263217702387415	0.14725173827460636	0.017775796819617037	0.03918902971526424
JFOB01	0.01270850723727105	0.008046914527792073	0.04017141960555166	0.050359839524056926	0.021698230066935494	0.013518081193578608	0.009533419564987985	0.4559921926490514	0.3725257471779693	0.1864776103771535	0.27068235985374073	0.3231701853558918	0.14998621594529543	0.019961395022883802	0.01575262508116157	0.06401428761076634	0.009192608352340136	0.007793949738967803	0.036523236814289504	0.3242076261232016	0.08500208135547635	0.30001372246111585	0.21500096986062114	0.08873843626902259	0.02049123216043482
JFOC01	0.008455462793327425	0.0030905853684046443	0.015278890614742097	0.022890430980642966	0.009851030484127584	0.006214408654725982	0.006039796928386476	0.32332073311216275	0.23922437209472688	0.10456679441084922	0.15424463800688384	0.23789263448500386	0.0687245374810856	0.009998113582234744	0.009466748171088234	0.0	0.00447909090264053	0.0033102228157120507	0.009211777059584364	0.1282820697578048	0.03093386894469454	0.12454617199177039	0.08542623228022352	0.002162872167634094	8.924516908213259e-05
JFOD01	0.00598767668624892	0.002175703755340005	0.015824008208575557	0.0186875790593381	0.008631467083171496	0.005127755062318389	0.0029268132010373516	0.46201173724297523	0.30303365240464025	0.055551545918582045	0.1876838678758408	0.3611918183829274	0.062224595565570924	0.004272491828642114	0.005160141269327953	0.000614110878203811	0.0027209842745025505	0.003012830066485145	0.010925636483959151	0.13407344225479365	0.03373356622658589	0.12143772799444034	0.09291482896110637	0.0659427338831936	0.0027513099570439545
JFOE01	0.03733067695456587	0.013366437727361388	0.028539118358084082	0.04376682159542945	0.025043024698313477	0.07337648639423616	0.05334365624051594	0.5419624841851509	0.3261303179611229	9.509359570065497	0.37837551063477187	0.3085727964766423	0.182933633548394	0.36617980898729574	0.8766692051229286	0.0	0.2607290390650479	0.21462103314151204	0.016357458710275132	0.1995264242884708	0.20545956003331595	0.18227866078445082	0.14841673985223114	21.890439495172732	18.338927480078343
LG	0.01114221016756273	0.02778118307791167	0.020704864869447573	0.018481882396290943	0.02145204945868037	0.0932695827300564	0.040629767113080195	0.16197231811755136	0.021444255944874455	4.995471374875386	0.11749124909782051	0.07861130132249369	0.21112057465854117	0.13381215847284592	0.12771615692689955	9.135043908094206	0.027835110511936184	0.019206439727173147	0.03039591449365655	0.00590410589225023	0.09287436542369407	0.014828559835170866	0.009528173421713162	10.275521023982332	11.376143680596819
MED4	47.3931662410459	17.93917532596678	37.11731890144151	34.27282057095493	45.795125418902614	36.12487173491261	40.178504593795964	0.02528991299900834	0.04908706576775423	0.4847748700131154	0.22186429399951219	0.3188466740311015	9.25524886585453	28.515779396677505	29.011053226804577	0.6858287218003207	33.22718636026031	30.892504540717297	6.418216706772717	0.0854851257988396	0.181974710115762	0.33044900638673586	8.064253646826966	0.17822027027392637	0.15580789578730414
MIT9107	0.06520929279488943	0.05497455585058623	0.23681233809477537	0.31911290411604837	0.12020464937297166	0.1076325639299038	0.060843736344769694	0.22301225996904675	0.33435117397261455	1.4826833409649662	0.5523294216800165	0.4628427956133976	0.9259006177084359	0.15399075688323036	0.13150656317788062	2.487749654074096	0.04278357282463559	0.03601214320458505	0.6164613806010748	0.8820134595565697	0.9068141910498051	0.9406903487913879	0.9771389380799654	3.678169167259048	3.8359411948834765
MIT9116	0.060032727338646966	0.04667867375185119	0.1768892528300876	0.24584165182544426	0.10660449728568486	0.1055633750215404	0.06620725430213173	0.15602569118781745	0.22247909889291753	1.4176361982823966	0.37456840116409734	0.3052401862251433	0.6311832819260057	0.12848958639172942	0.12094474570153917	2.418121820048658	0.04288472891555393	0.04207746552727618	0.46711427310380604	0.5936966071588825	0.6825720997350341	0.6689158178338531	0.6947244425941932	3.4373138870755016	3.8153587863686638
MIT9123	0.0716702609288988	0.049366653803098834	0.20582833766897002	0.281932673814105	0.11544916424334253	0.08806955934554632	0.06716580873860556	0.1838069723031644	0.3029353159490382	0.20206803270394236	0.43507849138437676	0.38146818654020215	0.6967917201477243	0.10063095812122307	0.09945920913126946	0.05490695570749393	0.04722721916272341	0.04099664950808035	0.5030561597211868	0.7455606268805303	0.7631639710619168	0.7892914578387357	0.7952071646718599	0.15262469028895648	0.04563743424646162
MIT9201	0.10166745047514048	0.07220612302397292	0.39418656307445044	0.5381354144710421	0.19545592402987463	0.15942296059264627	0.09472424098221734	0.9072709868786325	1.28899603515137	2.314845295362855	1.3539607460893246	1.1950184758573512	1.5290617237625868	0.25269550237162564	0.22012703488955404	3.61218143682235	0.07384427875622453	0.060643807450923876	0.5906819014048914	3.29192937815195	1.178975119166928	2.8984292463007497	2.314107312138906	5.159482753154016	5.326806262147847
MIT9202	0.04688629063399699	0.030730450164029473	0.19781673397419305	0.26302622669488895	0.09529013725757968	0.06847767150829519	0.05110100415242854	0.6370743667242826	0.8675242754934632	0.39955412738387847	0.8077155828055316	0.7429903428792479	0.744944211820919	0.1075207940620743	0.09807793217616867	0.027489607992180705	0.04481955825289369	0.03812245941722256	0.6156244910007039	1.6890854481175124	0.6525960978371065	1.4909530367797805	1.1637140932382493	0.2235061677378474	0.13350049791778149
MIT9211	0.0064855605305026934	0.012189157721242846	0.010586414103865252	0.010462838578600938	0.007368157807935464	0.054993312593266536	0.029186700118126678	0.22090584263043006	0.015437812077482474	1.9893104086238733	0.053120455327321375	0.05793456855442706	0.11446545251741135	0.028031890264408093	0.03688721805970393	2.9724264950215775	0.021361770802260944	0.017178587606119525	0.019285152204021428	0.0020982056221843614	0.13558902974941725	0.004078014815592957	0.006675259072773986	0.2664269195288795	0.24285468961622508
MIT9215	0.06822190028598851	0.038349044428503114	0.2113672718119573	0.2760230446128306	0.11554248354536134	0.08730113637479259	0.0774880358165918	0.603078095304718	0.8471429326054954	0.3978981183637492	0.8157821288050512	0.7295629910524511	0.7571459641085937	0.12230206538268594	0.1061046103345057	0.04438756127082617	0.05481391738396713	0.049227969187237264	0.584092559359402	1.6208852592551357	0.6313653441629316	1.4242026130667347	1.1108779809563778	0.24590492444352302	0.15208013112217328
MIT9301	0.09655859367536654	0.045529427486285995	0.33553054353661893	0.47609393828441576	0.15776354432330836	0.11355319155323233	0.06491244902119618	2.219898112544376	3.0530172502534456	1.3603704625004076	2.701258539789017	2.412898208056196	1.6470292959129698	0.12942989525579854	0.10910720841758716	0.11226219450733066	0.0299407345084476	0.027370403884239433	0.2438046296577753	3.027675716604099	0.8424030536127199	3.3388951224276804	2.90469731659972	1.1982492570079262	1.3951607668729569
MIT9302	0.31116873225312847	0.2871741428110468	1.222086780924452	1.744518211078407	0.4466512247780761	0.3430533515761857	0.16691839598955613	0.6973269695653511	1.2621143502329086	0.7757964777094882	2.380349907572688	1.9121506608579713	4.652939391995566	0.3588772945415821	0.33357449410030493	0.0770312668465605	0.1137864167107195	0.09764698498291216	0.49966901624418114	2.530631119403616	1.1996857659778724	3.010546162929625	4.022943046658797	0.321767428003995	0.15266362758167112
MIT9303	0.024379926582953335	0.06413832516777425	0.04530679548612569	0.03801412302608553	0.032496105455840946	0.9673837489252664	0.10991823646199145	0.8675844631067825	0.07132531460900984	9.14456397653666	0.22297452617895241	0.2454049103116495	0.47624658042958834	0.13136221640976364	0.15834183749241107	15.1163636743748	0.07904886031047227	0.060879665669314895	0.04823104930123349	0.005222782489372367	0.024089926876672205	0.01565437274868317	0.021072379661930526	6.617641528185443	7.071918994984518
MIT9311	0.23491679946308633	0.23466341431341992	0.7606413370066868	1.126425772929065	0.4111376969028741	0.3258794780573668	0.1539857766430787	0.7081402660247392	1.1487497357937142	2.4453809410305163	1.8786950011770789	1.5020878120048253	3.0653999975184365	0.43034078718751884	0.3850887137208376	3.94146681417157	0.08204309697722555	0.06624544366959303	0.5295673188594984	2.534605920730717	1.39668793067464	2.905935869518666	3.2876859192810524	4.249414267805942	4.6534987807184605
MIT9312	0.09881188653603346	0.08003318006127798	0.3633673380537137	0.5152709958610532	0.1580159335771183	0.11819830295696405	0.05633343890160634	0.2826533388018315	0.4838623646454487	0.2949836149984102	0.8918895074767603	0.689492423284247	1.5740517816893052	0.151242265346276	0.13052965295500799	0.08425827970524095	0.03371553111782914	0.02988793938625466	0.21859544411835893	1.032644921332089	0.5192050758158011	1.2398302315654481	1.608653101632703	0.21452360532432926	0.10512405154798507
MIT9313	0.020869944947599774	0.03913913998172426	0.03648817181055065	0.03438840037307884	0.03010136030155561	0.3914455935194766	0.08925300681814592	0.7649159658338882	0.06847163587144527	8.227843846951169	0.2147072154647022	0.2312605722425655	0.4470162340246544	0.1309325453142812	0.15790319986761994	14.591619372777634	0.06480677911260099	0.05021401327781085	0.044818238136930505	0.005446054985305282	0.029240531499095047	0.016824901356375776	0.019170047251579204	8.226780176475193	8.615149013818048
MIT9314	0.10228358875387716	0.06253423775145651	0.45412802585130735	0.639602543385175	0.20291576589352917	0.15526260711014447	0.07469272405672878	2.7048752684519224	3.6142759160489053	2.7449462671491625	2.9806074181141904	2.7361058180666267	1.9695741992051004	0.22108719375929164	0.1702865455329493	2.780943251317111	0.04895912294901624	0.04030226139880365	0.34293893054412194	4.06366423781943	1.1841588896411936	4.152907126109999	3.131554734450594	4.71081985041135	4.929874462249058
MIT9321	0.027458109228309515	0.018477881580941814	0.13537564436628574	0.1890702838522583	0.05812626379470759	0.04395040592345697	0.024446304343230942	0.5038929187468869	0.6889548299820052	0.3036984270563825	0.6461222198870143	0.5877781177940037	0.5774307131210297	0.06598833111597573	0.05727539100875269	0.10651263433390755	0.01812870069019651	0.0169938460149449	0.14072780629782078	1.1493325205483225	0.36985623100253406	1.1130772598548888	0.8665710757945837	0.1522442796891869	0.06562053963660958
MIT9322	0.033060486852838564	0.02472725913645817	0.16863804346499456	0.23730801804525617	0.07315325431622534	0.057318634214275625	0.02768609813707117	0.5665878813442004	0.7695839553491618	0.6986886759830447	0.7441666500819172	0.6739834850330737	0.7083183767201578	0.09502113144741568	0.07694677654569651	0.6795111193674255	0.022354686419099476	0.020359179670711696	0.18800065415933914	1.4272476467558532	0.47303393747962413	1.288098497819997	1.0041991683958464	0.9534967111385996	0.8480172793826977
MIT9401	0.024803608746593837	0.016291980888183517	0.12007386366882596	0.1562091694794176	0.053540526216372446	0.037746659362474504	0.018891861413435598	0.4769118380112967	0.6429911503595743	0.32914954217425835	0.5981839408252665	0.5450733750430954	0.5203556981237326	0.05597534917572075	0.04616828150181727	0.1918978588685937	0.01432115348420677	0.012624662006759052	0.11949038597822137	1.0416686176521808	0.3308487381730017	0.9915012109252132	0.768313588948913	0.19621220652196983	0.08743106315961924
MIT9515	1.7668667051757405	0.8646598528590226	2.235596715604299	2.0665306615119055	2.2730894263836943	2.0390329425405853	2.5268820786309028	0.016230308999614303	0.03220604360926381	0.08637193284151108	0.10362537677917466	0.0849981756580386	1.3974786926594622	2.918757568199752	2.9940235511108173	0.10309832129817359	1.558606031116492	1.4207884241470423	2.2366897201453226	0.13665208001433346	0.26776672004266133	0.39995323180447445	1.4460030201747	0.11745312566632668	0.13887283717722268
NATL1A	1.602930988540415	21.49024030148779	4.565399286275543	4.5547312547735705	1.4651918960638712	7.681606170829122	6.044166548968242	0.04521578015202403	0.03836106450267221	2.7116163936240865	6.087580474993536	2.3655016244558635	7.679116041607655	12.226002736460634	12.003874778287726	2.495156574809947	11.342524990329004	13.036251970152144	24.573517604200564	0.0970584535600061	21.101140156883467	0.013394587801170909	0.49765744136087026	2.5025630226530744	2.2340689718641036
NATL2A	1.523007147569132	20.560605498143627	4.391192163717492	4.367204314630087	1.3885603427301743	7.30807437527443	5.7939964813276355	0.031483091236013734	0.03441095592726019	2.2007171045337492	5.721297012090193	2.2810623927637725	7.225305037106216	11.707945214843937	11.434566716167751	2.081610256781723	10.95366366333343	12.595209640561551	24.166520537940425	0.09423891290780329	21.08441704123977	0.009615803927205162	0.4571818710475534	1.2923316053361653	1.6664685162992414
PAC1	1.385542885082639	18.503949092360465	3.9069667563941834	3.890081148162074	1.2665870416284413	6.606582627244597	5.725368697352281	0.03863046166480516	0.041049734939742406	4.427043553790519	4.735649718250192	1.8893906601071337	6.013460810269083	10.44402931246162	10.440947890778302	5.588441140152383	9.657571370734658	11.104217147012637	22.005117635146913	0.14120211769316637	22.69589443364523	0.029431365651085183	0.3985294638099411	4.097055780946512	3.6361480523508978
SB	0.1105070303419813	0.061316197826565264	0.46810580224953807	0.6715132685921693	0.2115668024633052	0.15812321101789073	0.08422778264200234	2.9562006005808237	3.59975533185647	2.8091783483203874	2.9016826452805424	2.725308256746274	2.0203546089683124	0.23361584254825649	0.19641465148848777	2.6864046009071667	0.054602034413258185	0.04563463321475827	0.3893268700146172	4.910321935182055	1.4245024508871555	5.0159880735461	3.3206772458186613	4.727244953922788	4.822745662885249
SS2	0.0019266089520675025	0.011795946497916859	0.0030653919002594436	0.002616527062042749	0.0015628298355350892	0.025876481731899364	0.005164669685900033	0.027556878291182856	0.0024108423400276465	0.3663376487527931	0.007371277308171218	0.007377122517452095	0.017211763917641835	0.006447189015594698	0.007154571933414102	0.5715527526758608	0.004816814524426233	0.004451898274434764	0.006485277276635173	0.0007680784482694254	0.047751760292074265	0.001064606364454365	0.0013367456930096244	0.4774047207484591	0.2835370790209833
SS35	0.0011870103410858894	0.005242531262090653	0.0021375670883891106	0.0017985980170297383	0.0012231032162389316	0.018586620538009527	0.0038785931241505415	0.025801154380522502	0.0021607936745239287	0.3080243863084368	0.007731450644873552	0.007839932169287871	0.01488933023305481	0.0051251851710233595	0.006428414362873163	0.4547598709171366	0.003384152844261593	0.0032097721535352865	0.005766300173956458	0.0005265151212567223	0.049942736566233756	0.0008271867792067	0.0011862124771388264	0.19490446692932534	0.14863985315707876
SS51	0.0014575399086687688	0.0062121652394975194	0.002643340685309907	0.002352677416503111	0.001616779833235084	0.024202782924465305	0.005591124599088822	0.03109373442053538	0.002452922553585173	0.29186185042140456	0.009848800169425272	0.008575210849214135	0.015159171045341344	0.007351568785797858	0.009665133287164233	0.4229642293967893	0.005421463570231215	0.004861376173749646	0.011202841876776027	0.0006715443804041667	0.0721100099115475	0.0009583634008263382	0.0012828557462286744	0.19924451700653287	0.1668302053824658
