bins	ANE_004_05M	ANE_004_40M	ANE_150_05M	ANE_150_40M	ANE_151_05M	ANE_151_80M	ANE_152_05M	ANW_141_05M	ANW_142_05M	ANW_145_05M	ANW_146_05M	ANW_148_05M	ANW_149_05M	ASE_66_05M	ASE_66_30M	ASE_67_05M	ASE_68_05M	ASE_68_50M	ASE_70_05M	ASW_72_05M	ASW_72_100M	ASW_76_05M	ASW_78_05M	ASW_82_05M	ASW_82_40M
AG_349_G23	0.10854714609142885	0.0834952942729142	0.5419285345360898	0.610510134247102	0.2209348096222171	0.06290008938245645	0.0306517412661684	0.6565006319712146	0.8400104690821193	0.020102996749383834	0.5931706232512273	0.6936888731199612	0.4305148983287654	0.042544064052286334	0.0255948974451732	0.0012573104237612726	0.04176550178886455	0.036954235491215785	0.3031301405131385	0.9337571460964192	0.5790944429302306	0.9287275934818473	0.9242560198385543	0.00617843780395489	0.002320609756164749
AG_404_D14	0.2508296953163148	0.19408255881701064	0.7455165025860397	0.7883853269782028	0.4629244910634817	0.15391200043642916	0.0597171725824158	0.7059709575835661	0.8303388586917705	0.032925863817245146	0.6694095824463429	0.7520943826517278	0.5819590103811593	0.0857319704270774	0.05885009908017728	0.0007715981005488005	0.08873653168623322	0.07839221763932898	0.4890022582895823	0.9479381976581792	0.7192593402936815	0.9044046764505667	0.90315677536939	0.011221333665602014	0.001511258684416495
AG_422_K10	0.19513550720304582	0.16058886084645377	0.5890395328625138	0.6350838789538629	0.31858650785733944	0.11145005794669796	0.05884213614215808	0.4792976668979372	0.724135622971951	0.019395857690847694	0.5053328024316897	0.5978467295602852	0.4489852237720395	0.06607389306066164	0.043002456475246725	0.002135067622578312	0.07637252172587218	0.06851567422035713	0.31758618723044824	0.8632840849222263	0.5413934091139975	0.8471836106363979	0.890388991726149	0.007037768193178963	0.0028491047496433486
AG_893_K05	0.12964545750986511	0.09751811808675742	0.5570538958444028	0.6326342388617932	0.2456817817322592	0.06891454821261403	0.037012200240172724	0.8990226370347877	0.9529170244214626	0.027886958129431837	0.6425627698610274	0.8303320006991299	0.44422805492103895	0.04485845501957424	0.03077282175563871	0.00231172220458435	0.04514936105617597	0.04168366387473535	0.2875002815373587	0.9350929471617246	0.5713809134518003	0.8966768138243368	0.9213130143047095	0.006295586220997412	0.003033438513604013
AH_321_C14	0.17054274318310825	0.14941961243395013	0.4168207395148262	0.4510304913653467	0.2142628147808158	0.07659781044700498	0.06785418617262519	0.15050366046588495	0.39976802239810283	0.004591060430401078	0.25369382537496055	0.3274990280274933	0.27715444831174935	0.03764831060432256	0.026705916558480938	0.00047412339759215165	0.08091310754815216	0.0724258774095873	0.25407385268023897	0.6892142513672954	0.38264550165648376	0.5827256205053218	0.7185801539424751	0.001340447244635764	0.0009595411359258993
AS9601	0.11610636149227409	0.08025268967726143	0.5159914546599289	0.6003234140723847	0.20742852656271657	0.05748111403826028	0.038641568656603176	0.7031407683514342	0.8638035008850597	0.022826173485670093	0.6137838941862934	0.714063820888384	0.4107067684876394	0.0402167024557918	0.025863813550002016	0.00024955667127167963	0.051736560010156606	0.04637999052535642	0.24709688168448915	0.925966984280965	0.5517792445051353	0.8859093740679573	0.9107224165359438	0.003606555204025313	0.0016860114099591804
CCMP1375	0.003989692276463596	0.00985940289532699	0.0051777960689647125	0.004329607728935253	0.0031915108570331778	0.01933858873591729	0.004385352407912916	0.0026609814898055834	0.002646991787595777	0.0019203450143375927	0.0026621971070650645	0.0028977623611807454	0.002584864450243425	0.001863806906547448	0.0014691065330068153	0.0011584848008938582	0.005838578135309655	0.005581694771358792	0.004967876798707642	0.0031274192754803076	0.04292959067908237	0.0020015930911713095	0.0043739484119295815	0.0008680860165578761	0.0009347616056450996
EQPAC1	0.9430351491918503	0.9330179412019075	0.941792456958414	0.9381638717980366	0.93563945060539	0.9257336425310004	0.9332268730581482	0.03942570606964323	0.1970995710673001	0.014019041118365362	0.20289828306456162	0.4268998032779681	0.9015133656897227	0.9027592337447147	0.8973884303542229	0.005509951043629225	0.9335370198263622	0.9305987818963153	0.8995254143872758	0.38103532649844235	0.2533612549465024	0.5931057793381785	0.9417952022712522	0.002976112314875854	0.0033491023118235124
GP2	0.13722839809907902	0.10789367992943179	0.5028299622096909	0.5670639224462316	0.23360007553195594	0.07189577541066954	0.04107742377854831	0.4452846669650701	0.686722661438602	0.013147152676776122	0.44885187531043313	0.5401653971450032	0.36856040101217213	0.03868978776703717	0.024618613761819067	0.0002547541297791591	0.04998502021324225	0.0449150452708212	0.2506151665815902	0.881982857092383	0.4855328049054093	0.8452201429897311	0.8881363283996767	0.0034722904824462802	0.0011560818665010595
JFKN01	0.013262923981127538	0.008973612913709102	0.06498053064648986	0.07897002707890231	0.01971743896871427	0.005928158147951793	0.005797554397039397	0.4253450528052418	0.4999402198475469	0.0025161375083771163	0.1351615712319114	0.29406879176726997	0.047869171692169414	0.002603811686056806	0.0015877906456835025	0.0	0.006802845946672844	0.007025912789969334	0.019945578026619757	0.3845267041672646	0.06293046948197428	0.2874900999790708	0.3471990536044762	0.00033320832251044753	9.366767741627117e-06
JFKO01	0.04078917003435334	0.026959517150409517	0.2753817441159184	0.33094346239680233	0.08186648082977485	0.018776329966431925	0.008113530436403222	0.4648960446649807	0.670177928500238	0.008341145220334134	0.33639473313659257	0.46863317588572556	0.2101813087226189	0.01437505914685356	0.0067194801581235974	5.7307903906106865e-06	0.01070908275490295	0.016434934530372425	0.117662206799677	0.7676539392948546	0.2905827205453877	0.6656001704160313	0.7147396478403041	0.0007944928888747834	0.0002592447608946051
JFKP01	0.042811059385162234	0.020479964743829522	0.07352229336268307	0.07654800372678923	0.02903943483901169	0.012587033011562592	0.012160684514540276	0.34435042132991883	0.44753510768527804	0.0029263379936828116	0.11302659426223181	0.25824923149131795	0.04102376687448157	0.007091758016087768	0.00662702074251224	3.561120546402223e-05	0.014136657393158291	0.016491308148833317	0.03135150621787134	0.338985445268121	0.05287529114381203	0.2575265207315361	0.2901452582681929	0.0005566749848307857	0.00013111465123078365
JFKQ01	0.026832728194137984	0.01499169676928061	0.06917042875835293	0.07998135756265394	0.019533082959433474	0.007104961936566561	0.011435093524986386	0.4459773975951912	0.5497884194783148	0.00461721972613439	0.1486919008331376	0.33514710545762	0.04206734941449839	0.005436470283401181	0.0012536509987565048	0.0005277976168646106	0.015044607382111736	0.012326388068544521	0.016523030454060696	0.37018947988962375	0.046460888967889066	0.27218092288489165	0.33191493048709475	0.0006329394837381044	0.00060096915028578
JFKR01	0.025237864299978593	0.01812934449362775	0.05522196355292689	0.06592975464709129	0.022976096172416277	0.011654760235226321	0.00994159600299258	0.407971553138913	0.4900759710114677	0.0028485444874655143	0.12071032380714122	0.2748280602993384	0.03378797469721794	0.0069104699400098606	0.00879700875997552	0.0047204170793762245	0.016414340572650506	0.015220264381147217	0.01850883367825925	0.34362576072721834	0.046890086177248894	0.25814299385990436	0.29135169949014234	0.007173924924674543	0.003433409495098044
JFKS01	0.01984647415622848	0.015632620799422785	0.19527165321469442	0.24908081838877807	0.05469741163384695	0.012470173133919528	0.005463235095910706	0.48079873716274396	0.7928950860203193	0.008578420984914507	0.41636333747480453	0.5521891591848306	0.14238069440930473	0.0077540698729326295	0.004342957391024828	0.0	0.007644845213593317	0.006091452125176199	0.08330178279054876	0.6819926892134245	0.224160499295745	0.5833948125352548	0.6632923567560659	0.00011351858851272535	3.492450994140117e-05
JFKT01	0.02161212219672163	0.014948849642927965	0.07301403836621284	0.0932524842100537	0.02421176632422545	0.007718399477722292	0.008915532419199191	0.44662024139947704	0.5902107704754883	0.0055606416447207445	0.1491543980508413	0.39048548480937434	0.051205187935361815	0.005187353973874153	0.0019062720032255941	8.432532820919014e-05	0.010572380890100437	0.01213898717418952	0.018307177670100986	0.43707594460152854	0.06099037435459697	0.3430131737938436	0.39159768865185335	0.0003065342697868102	0.00020521293381523073
JFKU01	0.02450641494631993	0.01981608883295562	0.1262042826785724	0.15113334802983744	0.03891134372758726	0.010531523911620998	0.007918451257331028	0.3770292184185573	0.5573471251142853	0.004948646853253001	0.2009829509023777	0.3183789913168171	0.07761289441066765	0.005373691200984083	0.0035770376377400616	0.0	0.012100127627182761	0.009426510016268728	0.03959874293277522	0.5638168818299405	0.11514027159165184	0.4561747393266327	0.5020648041104583	0.0017209622037055376	0.0021871080139199326
JFKV01	0.01692853451725669	0.013913491817785034	0.13645512039295876	0.16297593917565525	0.03770913190264324	0.008353738174845278	0.00364207363207117	0.46802779900754343	0.7718283353033019	0.002528220315883288	0.27090787451531506	0.4970666852146374	0.10409118846452062	0.0025920490948852554	0.0022333517082474474	8.213385150199671e-05	0.004882886381271727	0.004591734071075148	0.04048722083774301	0.6422981646210274	0.13450116436328594	0.5520917549153883	0.6076815695324881	0.0003787095764194404	0.0002501455477368496
JFKW01	0.014463270876017242	0.008769813091586986	0.0543991476862622	0.06629453808913911	0.01884763380933221	0.004082613505863954	0.005913475824259115	0.3935469714011462	0.5086179026137825	0.001962767221429076	0.12053135564328998	0.3242769529910685	0.03560565639688342	0.002060893854722369	0.0014243828602018686	0.0	0.004970290214528703	0.004236907991646022	0.013895923001080463	0.33176507550746337	0.041488704691578	0.2481701827461947	0.2983832093866295	0.00027646840199216664	0.0001235432549660165
JFKX01	0.02894769718234869	0.014351409747082199	0.06297390670828766	0.08764790872271341	0.02202464035744537	0.0070972878905009055	0.009303648670635713	0.44537362730141594	0.5316200645628303	0.0015369077120351222	0.14390157276951274	0.3117669348513304	0.04359715878361907	0.0026196896816470983	0.000706755629020747	6.569221759824883e-05	0.016297227009607455	0.010257921895175626	0.019310235499148287	0.38538223151865875	0.04524508511050943	0.294505331893374	0.35157703520616984	0.0002300659943303792	0.0001993426496388788
JFKY01	0.018752286776432155	0.009656040530427372	0.06136002965392796	0.06721768160686788	0.016045044743047045	0.004919031171829934	0.007615588608641688	0.4280988051228546	0.5178556601478542	0.0017302256761200663	0.11989701365483862	0.32272041283983394	0.03424563753659918	0.0025572240985219925	0.0007852381289246451	1.2086742327231178e-05	0.009655756240347051	0.007736627397978383	0.015551235042359638	0.37753998017920876	0.056228011452787656	0.2868023343833663	0.3376101069176959	4.219326449727278e-05	0.0
JFKZ01	0.021783601094576197	0.012315692133151684	0.06774302978745272	0.06756817560081985	0.02115605041796306	0.007316363850611678	0.011686863477937029	0.4330200226285237	0.5691914373239285	0.0021617705410547803	0.14423844265414446	0.3736815826949846	0.04293607833361093	0.005487547178313144	0.002653410033864772	0.0001719064914908981	0.01272726039020262	0.013393752137523777	0.019581845048752145	0.3408775778350859	0.06781119171142282	0.26227784549497807	0.31701556673659165	0.001288683824483821	0.0010624546011807241
JFLA01	0.12596990408875192	0.08123078076450453	0.40792705242720617	0.47254153518540215	0.16978548564441445	0.06928224395698843	0.06248495275878993	0.5839661119434087	0.774283277074036	0.01706958391898713	0.4849518414827541	0.5760121642344294	0.3221460438594818	0.03689454800272532	0.019644624572450933	9.810474625023566e-05	0.06240012388444962	0.06095434215165629	0.11989046627560113	0.7896588695970691	0.33990250233366426	0.692881680564112	0.7832083462392773	0.0015679591934837315	0.0002927247474366502
JFLB01	0.04245301051462582	0.01933268000452759	0.07109350999327116	0.08335414307498315	0.029609976509355984	0.011328868545378092	0.017231198322264007	0.4198957697406315	0.5541708872702483	0.003394676972417961	0.14054624097486149	0.3475053310698841	0.040372038627044415	0.007745909687295186	0.003333583045724952	8.745779057408024e-05	0.023777533666866822	0.02575068573822931	0.02673778349564043	0.3923938882431651	0.05218862120121548	0.29527490520402927	0.34275484304610626	0.0021102165500737143	0.0011266909426214645
JFLC01	0.024531498207847446	0.013289119890915262	0.04445594957418919	0.05418303318354124	0.019332338548160015	0.007278918237862381	0.012616968950456546	0.37585943173445346	0.5159739652873566	0.00409894830718363	0.10965712545853673	0.31891354818264395	0.032365747984348006	0.0035233316000546733	0.002034420835898165	0.0006609976601150773	0.015319862614674298	0.014638901760890194	0.01613240357723679	0.33501947738440685	0.03875883009202726	0.26102084180701207	0.30471174493718894	0.0015407125445658374	0.0021214186093164
JFLD01	0.020978306080859127	0.013247187017937222	0.08443618471805679	0.13126199574120453	0.030821609466010626	0.00560121093363555	0.007477561697047995	0.33392726948386836	0.5610951692646662	0.002000172770162794	0.1640974740475045	0.2932586799103757	0.05894374189151756	0.0030649391613186247	0.0026625558293303536	4.834879644107491e-05	0.008067227411317386	0.007637005538660467	0.028499961251573808	0.5338106615098211	0.0824586569689763	0.42181141059941574	0.47867215110588174	0.0003377468892512404	0.00011313042164691525
JFLE01	0.14959021572822104	0.09873194243428167	0.4899551307274526	0.569806971797787	0.22402729196773974	0.06879873038712768	0.04323877093883982	0.8537653318502475	0.9271266407590553	0.04293825598859671	0.6962578302400652	0.841966342319234	0.3966615199116094	0.026601775465181946	0.016566872179002427	0.0005335250880064771	0.05218017279090184	0.044937407949485406	0.2380039739426935	0.877712849570553	0.39973334192564075	0.7883772508738306	0.8198393600116026	0.0009293527131791463	0.0012318296411468219
JFLF01	0.014045517310701205	0.012809014146753221	0.05289219560055886	0.05543023133441039	0.015712632295936103	0.004621946219708941	0.0055127479091566355	0.3560033630969625	0.49562922317467745	0.0035908258077399905	0.1172209127111664	0.29542645961586217	0.027974738754953567	0.002073319771439844	0.001590444402051512	6.974634596399493e-05	0.008239245130012608	0.0055256121953498865	0.01725536281064977	0.33614758447651144	0.04304140541635356	0.2454119950687466	0.28987433053261286	6.445987451915121e-05	0.0014137078758025739
JFLG01	0.07513986234847057	0.042076960959503924	0.2914177404117967	0.34138422774824345	0.10088430645698518	0.029752592976333266	0.031064203201465898	0.5861245685988694	0.8437793486131909	0.014697762236774745	0.46441697976292007	0.6179464878172368	0.21157573014304337	0.015094122433239493	0.011862780263396372	0.0027669601479452647	0.0323878767498065	0.03025084450597821	0.11155877213314003	0.7553092410424098	0.27712187695253493	0.697264702610416	0.7195250761692059	0.003848546080519552	0.0027858764551090664
JFLH01	0.014771943818656343	0.011271955407797544	0.061068087919963834	0.07279248124548206	0.02011382920230677	0.004764516079889876	0.004833753911753711	0.42139802856046826	0.5464430744723818	0.0016114215106161226	0.14260329687039097	0.3152107631371599	0.04123617773666459	0.002437469585296699	0.0024899721464551466	7.656778929225063e-06	0.006668384846811796	0.005094164241997903	0.015460166482179063	0.3764187860554926	0.06026667735220842	0.2957718724248876	0.32843441927345685	0.00016915491189482677	8.511110710308922e-05
JFLI01	0.03268844539099762	0.01438407727755338	0.05906827970483047	0.07426753229333438	0.026245522193812848	0.00733154803044396	0.009519772568880076	0.39843074937457995	0.4885049239545332	0.0019251316269649013	0.1313862295214393	0.28000329375432154	0.03777876910712579	0.005189682789468213	0.0028911975298787	0.0	0.012530704415586843	0.010188275990912729	0.020755777522628572	0.34771713387682196	0.04884779444131997	0.2836959682009267	0.3257496070815191	7.583865445091336e-05	1.643404540461715e-06
JFLJ01	0.21150767518767988	0.21216035702215283	0.5392371851457425	0.6127263697157802	0.25243873284446705	0.1037020106349852	0.049986937477374156	0.21469122793998896	0.570219310097728	0.0049646945264644774	0.38085674672168884	0.5128159664492962	0.38754162084136956	0.04106682314505197	0.02305777768639165	0.003220065364790478	0.06796378137121477	0.055996118393479344	0.1996101113806638	0.5849774351653719	0.3571747754271075	0.538359171352318	0.7231844916683425	0.0017189211017956754	0.00044079776439907446
JFLK01	0.047401267083329375	0.03078884096165478	0.27583278445778003	0.3157026068931674	0.09123910682234236	0.026686346387625168	0.018631619516590262	0.47758330635630314	0.6860716584238069	0.012657463150288484	0.41436261291518384	0.49968634132600465	0.21985765015808958	0.016054300226313628	0.011606176712303498	0.001370123390303011	0.0203298573343502	0.018764957012094206	0.07112335608853144	0.6975978191041311	0.215418408086794	0.608056789227643	0.69560535891988	0.004540255743442915	0.0028569788941712267
JFLL01	0.04445726541781199	0.033170662413756824	0.12195835225968406	0.1454203021658079	0.04356944605949554	0.020687457977240552	0.018482291957937467	0.4070191154841328	0.635389275554086	0.004825483442292054	0.22310054712251337	0.4255074639560066	0.09023680294798604	0.008098298804382459	0.006527277983893037	0.0002592505428412294	0.02489925373692488	0.023935351594366265	0.04138405722973693	0.5067353408954515	0.10493757391797737	0.4214007822909789	0.4722286540166878	0.0003421940756224593	0.0002422208202012028
JFLM01	0.0318670556991149	0.018012450146441147	0.05926052922522031	0.06800190275610285	0.025113135277521455	0.01187504971212183	0.01449383060677029	0.48127030206302124	0.5497585628483241	0.004455902830728742	0.1326432364631439	0.3372397777870573	0.034811918592985706	0.0036257960827798187	0.003208562638432161	0.00034029346908774123	0.017481285703916216	0.014296278648310783	0.021894921070290223	0.38619249054291527	0.04873828095369425	0.29405192731061547	0.3130887954048333	0.0009041376152895195	0.000549316641825029
JFLN01	0.030884116247073393	0.020687157056725657	0.07559264579537499	0.09268843699022077	0.04210338454481179	0.012662430667297426	0.02068571488765384	0.4987063433224574	0.6342149748586398	0.002178194100130887	0.17811542494784197	0.4185591341891656	0.052110389556233414	0.00345522355054162	0.004704793596660942	0.00012796451117556734	0.020986625553096154	0.02023043557399081	0.02544337403503599	0.43645345963949395	0.06355501292584327	0.3267920519673151	0.3812386131972273	0.0013828688658966165	0.0016804379797193355
JFLO01	0.0655333314786835	0.04313363451353214	0.15594220237048864	0.17043958762130423	0.06418110361691588	0.018031045726868245	0.03791050828255682	0.41445018207752166	0.6192128408328851	0.0054416215038804346	0.23288803528335278	0.446617901176612	0.08914550867207409	0.015178606135944753	0.009693141492204214	5.53965602333274e-05	0.04423355380329688	0.047874666901226264	0.04551559742237435	0.5186852739439684	0.1097478601095645	0.4350011759970511	0.5382283342395273	0.0008499078162852368	0.0008247676100105147
JFLP01	0.02817699619307236	0.017083688896336706	0.07571830334033573	0.09019821431776383	0.0337148293145342	0.010279600975203822	0.013052787423929008	0.501283668902847	0.5856574048554648	0.003220925424677739	0.15412708329224187	0.3692546248504861	0.04547213497229872	0.004143391367627108	0.0019846207305212666	4.150887077215825e-05	0.016693145471379654	0.016408634120849926	0.0225237466904253	0.4022536928644737	0.05580148093223895	0.3124522753071492	0.3674367834775671	0.0011413173073048254	0.0014883326523479387
JFLQ01	0.026421225794033294	0.014815104312582603	0.13217106799700332	0.1549599726627172	0.03907886741767354	0.006853630409801849	0.009151442646348	0.4853080075021149	0.7319539079606524	0.005662208567477356	0.2666014886116475	0.5151402092788597	0.09455477906123948	0.007439841850228941	0.0024495475385333068	8.859238067907178e-05	0.014763750457762705	0.011869165145948213	0.03741751946103381	0.5632999353373014	0.1182555709696751	0.5016748510591579	0.5833718676740555	0.0003079285884202941	0.00016774542849747723
JFLR01	0.026210187269644723	0.012661114320310784	0.06649409013343842	0.07267754388874108	0.02681665354545365	0.010020391246521284	0.009969669725098532	0.34923688223476806	0.4875680875583489	0.0024590968928036353	0.12083798031348841	0.28387893030978234	0.04546195230194137	0.004417500996405361	0.0034658269814150508	5.804472440997999e-06	0.018774430220129475	0.01366395727019326	0.026886050784057043	0.3322833486066341	0.0489926834036955	0.24637390507003912	0.2746131839746443	0.000372035691122559	0.00021860756736810392
JFLS01	0.017843011887601182	0.007758080621831631	0.059160227032441975	0.07179555188550943	0.02198432366660735	0.004402365117133501	0.008340581306820567	0.4667542130330887	0.5441791643332642	0.0015927649366365795	0.1284626822071618	0.31275159908636424	0.041367432583852025	0.00408466932144589	0.001302690225256828	0.00014946369986885174	0.008241289215319036	0.007248032926768318	0.018423899985799824	0.3823757524397769	0.04318317396041135	0.2940706672819792	0.3273385419649349	0.0003041785368349946	0.00034302019042893025
JFLT01	0.09086815429932224	0.05891712600049425	0.3463601944657936	0.3897862157962624	0.1450825756983142	0.04606747800501748	0.0394599018493177	0.5221947225274324	0.7588300485315703	0.012780452224304647	0.43889512496411426	0.5272908184745706	0.26388827860200087	0.023708667768150362	0.009599989995567344	0.00011455599804186331	0.02175260152533413	0.022246139356987278	0.12458213768194107	0.7911608345246076	0.31563181120595035	0.7075381853468571	0.7744316952427469	0.0014211582740904513	0.00038462650342511193
JFLU01	0.06428249804700277	0.042494182752714334	0.2660810362291621	0.3168071350754659	0.08827863029109388	0.027520563596444135	0.023283517473923914	0.4334319176626346	0.6733818229696789	0.008136376002183941	0.3329771277816883	0.4297993010455945	0.18832782667288267	0.011305110848334837	0.005694821420221412	2.3148432753725717e-05	0.02591431399617716	0.02051392610003823	0.08755942025880384	0.7265648888369941	0.2495944742244425	0.6126358449005695	0.6676367234103657	0.0009146741528027784	8.781234418619688e-05
JFLV01	0.03540864189541985	0.025652995470041757	0.06826167385815306	0.07697956981902547	0.03687443034968731	0.024885473765971552	0.023225699574101498	0.3920831716514974	0.48888591749051225	0.012008170271977462	0.12705897587217596	0.28837411403131785	0.053691910138363136	0.023353161786232233	0.01715915570768424	0.00025700465647014	0.02813735980959635	0.027509198438074547	0.03152272043897701	0.34283165617213973	0.06306146933650472	0.25894537378510174	0.30970036251958827	5.4000200705555045e-05	7.23530427319935e-05
JFLW01	0.055269426999980525	0.025604295825887434	0.06418776665924784	0.06888664708395423	0.0240775643506619	0.006865341559476031	0.01814729627287549	0.4756215697332147	0.6167315222948925	0.0025501475261524953	0.17448242778553802	0.4242536114746667	0.04329520426778876	0.003136917141180584	0.002662881356677631	7.524056121973077e-05	0.013571225023095077	0.014707614508400768	0.01787142522210168	0.3676256717458559	0.05265253389185741	0.29850294687031015	0.3468023442797667	0.00015303439647895318	0.00019666723980416416
JFLX01	0.09321552289167823	0.0634086502747284	0.2031801876904551	0.22199475775038616	0.0945680350195454	0.04572030967781874	0.048448701668467896	0.4407342875789846	0.6542700687155145	0.007468706289664377	0.28281743928641295	0.4642941461523777	0.1309560312905915	0.009296275670033148	0.0061964959699596185	4.192868911291643e-05	0.022426527154134995	0.02118318510880755	0.048634928312163456	0.5549985951795904	0.12911159282424592	0.4665763391875272	0.5538833576646796	0.0004509918955499937	0.00022802591948717656
JFLY01	0.021948427795590707	0.012897979244331498	0.05801639399964298	0.05993980609014528	0.02327273980380503	0.00822724523751239	0.009720423269274869	0.4003584531825851	0.5426285263419616	0.001519563150371305	0.12916342629262118	0.3413931527902388	0.04256630359328776	0.004562522198343995	0.0023360029754914	0.0005981391227292867	0.012921531534154727	0.013963701283103851	0.01660115277412001	0.32466505854994665	0.03763213953526785	0.24814005536007686	0.28633465900439026	0.0017901596434968645	0.0027587477015482984
JFLZ01	0.04935833114567779	0.028392845216342305	0.2099378284411247	0.24594075589400402	0.06380946341644679	0.017925388882238692	0.011474225863011948	0.44647860664070577	0.7091790548540626	0.014327124529375406	0.3321940780911706	0.4666434449073014	0.1502323724191372	0.015325956831305098	0.006272240186918982	1.7357953705554002e-06	0.017795924999017547	0.012912940629729574	0.07202661737365336	0.6871256496075973	0.21972816998713388	0.584005372720205	0.618595842002803	0.003586939158179047	0.002491846310007432
JFMA01	0.04551455671370472	0.016369089373068243	0.05210657902312686	0.06048692217447955	0.019111340793773236	0.004580618919564731	0.00944742408743362	0.3503019675808096	0.44685598017422395	0.0024099963321886665	0.11077289192428467	0.2585159624561726	0.021828530625809715	0.0025269481641412906	0.002659031716057476	0.0	0.014059861593970378	0.015106727939257245	0.012688182936835341	0.31459397446360887	0.037857917147568296	0.24576987532309516	0.27851237728491735	0.00037345287741485364	5.373017682112733e-05
JFMB01	0.037089583179714065	0.020377483177677378	0.21472595658489055	0.26976011884781215	0.0708616615867886	0.016172863413225935	0.0052334020202643595	0.41925579217462416	0.72085527836802	0.00784164725751718	0.3392027998951539	0.4022630432864246	0.1721405032274165	0.012887675016369365	0.008165741122217457	0.0	0.013033364585382649	0.015195427754351622	0.07605927077929234	0.7312974086318385	0.24124513806323816	0.6328602961799253	0.6615811112233764	0.003237484042119207	0.0021619661725840685
JFMC01	0.05428200740454618	0.031900611507571064	0.13342416789772085	0.15155600497839833	0.05140637634792464	0.015759392622516785	0.02206648771387325	0.4338301869557365	0.6655384008898256	0.0035762832260696456	0.23275950728618983	0.4692036831710864	0.07508171127777381	0.0067682897022093725	0.0039921641146229295	0.0007655632966319779	0.02092680468809777	0.018402770536068237	0.041772203787016425	0.5165648408517761	0.10694795657243228	0.44417538099972753	0.508619700567053	0.0023063021027670194	0.0016314001160082758
JFMD01	0.0593553084518894	0.02655880326151831	0.07771063637381069	0.07670474902761358	0.04067143670530382	0.01319247173043217	0.028297029477337563	0.39742791194352023	0.5691847512221155	0.0024625997826473317	0.13989203952957596	0.31709131442826693	0.034842160323302354	0.006990127712169755	0.004983611879502957	5.620482300532877e-05	0.03383611880838518	0.027201464303604244	0.027152592124397093	0.3207898878538282	0.04458223826679088	0.22406201995621272	0.28317035220699965	5.3375577176409914e-05	4.16735572449434e-06
JFME01	0.024194352337089064	0.014795017610643042	0.10278832080925218	0.1300538657537687	0.0364531707700391	0.00676686758516769	0.007990273190613106	0.3690586077328401	0.5947915661635026	0.0013485680893559364	0.1914655119208732	0.3435092181258685	0.064850468958155	0.0022470594154621287	0.0032043785283860284	0.0	0.010753498031515518	0.010106883078859678	0.03057484852098808	0.5060784424456342	0.08551113666658995	0.4106503449764533	0.4554911877669205	0.0003109510035816197	1.274566491957788e-05
JFMF01	0.06668058080172748	0.046623272635367155	0.3789028806010919	0.41386503113940315	0.1453310891733948	0.0335159776751979	0.012210637628085552	0.5104651401409032	0.7268274595288635	0.011744157858704567	0.4335520884731357	0.5380279295052945	0.2819310751058058	0.02065136720542772	0.012001201928676231	0.0006688097750441899	0.018966315264689632	0.017039882102320356	0.15811558785991855	0.8251378491442233	0.34487573754062884	0.7338584074404978	0.7904329141077169	0.002205029073844885	0.00010634713756357269
JFMG01	0.05684823069035065	0.023456605015684008	0.08095669489351022	0.09049167452907264	0.03519441701098836	0.011332419531562336	0.018617637309001234	0.4379304319595552	0.5819190273631295	0.0029639986749422013	0.16349267348683247	0.3556455633094474	0.05329747085060168	0.00539932191735165	0.00257193626061502	7.099888302129019e-05	0.03868618440696637	0.03173876842013757	0.029838626526391333	0.41603840805735753	0.05891687860968548	0.32235497663672585	0.3795174565118447	0.0007493459966089608	0.0013097953611722114
JFMH01	0.0962915720540356	0.06440955733796672	0.3429899831082759	0.4069262802032751	0.19048431087581733	0.06274072292111661	0.05190273747745489	0.7274390013875808	0.7482585725904365	0.059939230966329346	0.5274516270950856	0.7307538961536656	0.2833368353410848	0.02787330478557863	0.017691628023317457	0.0006419777054524273	0.08560339283030029	0.0907172509113663	0.13412337348153017	0.7171667101367329	0.2343428242168251	0.5705426816548869	0.6617553596587631	0.0019041802673372204	5.107525789549766e-05
JFMI01	0.019160415845613035	0.011794969762045322	0.07660860779505765	0.08079181938626957	0.02693926326915179	0.008301651686362049	0.006643190593038299	0.440838149738219	0.566522695784287	0.001977264981360254	0.14978282023691505	0.34208980753032764	0.05073766479933312	0.005779683638020402	0.0027740640742300532	0.0001246230112901455	0.009087836090157116	0.008705196841488431	0.024179747131707008	0.43214546454253006	0.060452219280643524	0.3035429702618873	0.36392735171260787	0.00039918081510589994	0.00017416282694510753
JFMJ01	0.02378483174903344	0.015113344156170348	0.11479421944336941	0.14575138840426013	0.031148023659824834	0.01022624142998013	0.010072713264996612	0.44951287315663957	0.6912404228665546	0.004118887169449163	0.25800208346804865	0.4750944611527643	0.0854917135006464	0.00576137476222775	0.004793673002189624	3.127263150964516e-05	0.011791921895781743	0.010452165201075751	0.04192788447536257	0.5369477977654946	0.09775307120745394	0.4573800177297599	0.5331200590303209	0.0003546853740319212	0.00016464216286989452
JFMK01	0.031155821015737748	0.01612393516386697	0.17105785685243605	0.23006389038978303	0.05826313325128025	0.010962458998086577	0.007182299120862764	0.43496107097954767	0.7293198727711284	0.007598057489252063	0.34447970616596146	0.36855624202481513	0.14451110488361346	0.011044409945083553	0.0054656767429104155	0.00013238749303154997	0.009930316466452637	0.0076836756978138476	0.0655255055613735	0.6583407851050703	0.1856648670661226	0.5377596142452575	0.6217697502854956	0.00036046847177133025	0.00011016237127459766
JFML01	0.05082379489564953	0.03110809915781438	0.392829854068987	0.44782334985948985	0.12092791168364395	0.026896805021636824	0.014277410444657794	0.6726313564155659	0.8050801464244439	0.02158865327544003	0.5428291898586859	0.735410251665044	0.3104635541506333	0.025692030563421488	0.015918245920197728	5.2773008544392805e-05	0.015615516120866837	0.017530144963112802	0.11063732356838887	0.8036159512945372	0.3463509969046426	0.7188431546879155	0.8308698956045644	0.0011974564920329523	0.00022005186368159564
JFMM01	0.0402455131943885	0.016572415518946206	0.12257320841094771	0.13830367706882454	0.037783229945651836	0.01304462920783606	0.01186217257517906	0.39291116165983647	0.6109881506322963	0.0034360299196771033	0.21077282001749634	0.3425200023178845	0.08467161071418887	0.006996524977293286	0.0020974352098666435	0.0	0.016149102907382175	0.018971100536587595	0.0408423598787298	0.5789524996348768	0.12604479963756895	0.4796963201547313	0.5526216844419314	0.0001830556637802671	0.0
JFMN01	0.058943930875714985	0.03995642945711403	0.26754911836255735	0.3225521727247151	0.08707860306458813	0.026864729661988513	0.021382961801834383	0.5227487848036427	0.8014680226004133	0.008915347178183743	0.3783135582797849	0.5586306070537949	0.19445253456774106	0.015890622766940646	0.00829633753262762	0.0006280001572681101	0.0262712171204973	0.026392763267731652	0.0867131980388397	0.7670689761385274	0.2554947471875835	0.6974920121127332	0.7412651574305966	0.0010975305019219617	0.001318649099493389
JFMO01	0.031084696696996254	0.016912744041059465	0.10998442335768052	0.13021596087437792	0.034501024115812254	0.009437776382399236	0.013887894330589975	0.35769560886562357	0.5419636660637795	0.004895515726581536	0.19098310813206376	0.31344526267220196	0.07160479787555611	0.005434698019246128	0.0028957520719548897	0.0	0.016775961683944813	0.015677005505556844	0.03029624058787238	0.5070040404068357	0.09950519224201078	0.40531752000539806	0.4681848018066026	0.00014667616524860139	1.642957224557286e-05
JFMP01	0.037118688884507464	0.020451203518194048	0.10283942968325638	0.11635721994902973	0.040631593316858144	0.013508930361774195	0.01434915910357525	0.4095916327353549	0.6233866253104078	0.005232693639692195	0.19976874709629652	0.35324797996744006	0.07888459498282566	0.006382582850444622	0.0027481625238261853	0.00013723909971150586	0.019711806995231094	0.019484102601342423	0.02971221819118905	0.44764113108788295	0.0779687967556432	0.3471295161051379	0.41454092108565077	0.0005975439647016715	0.00031562731145404215
JFMQ01	0.06744513136734391	0.03214657307492965	0.0963377882039705	0.1041851122680999	0.052733039838565546	0.01891534062237374	0.02243422830704802	0.3782987954609369	0.5287010923253845	0.0038573802930755782	0.16051744353285463	0.3440960215277523	0.05211858486928733	0.006532994850006851	0.003480048672103243	9.711825385188138e-05	0.03913669046904854	0.03483609362256566	0.031083328005782014	0.38484784130415556	0.06892351062831487	0.28492889779446284	0.3409210904556594	0.00023929484528821313	1.851445838659715e-05
JFMR01	0.057272120982740364	0.038374108332631565	0.23848020983204918	0.29666364547026985	0.09253942674499925	0.02660263963914365	0.03331761297640598	0.48736474147110265	0.710112774077107	0.01005688241199735	0.42166765411764245	0.5608422063759105	0.19252625745036542	0.01734509092708259	0.0081079925864214	0.00035154740258663456	0.036942069021315624	0.043694262338146043	0.0976319230731717	0.6945084035874345	0.23599006109441925	0.5871880313765077	0.6360179090109335	0.0009295032185997993	0.0009741434432094572
JFMS01	0.023959342241176695	0.009639883000999936	0.07322560799575745	0.08147209400116935	0.03227675786060597	0.006171885786674559	0.01266762861171628	0.3400737668169614	0.44443161188291586	0.0028128127112059874	0.11646333341947761	0.2911167074471164	0.0336617548376774	0.003086012659350858	0.001812657448145112	0.0	0.008669973343701795	0.007102943531047836	0.01595928252231061	0.3249688407032867	0.04979728351781525	0.25187581049156393	0.2728890891538551	5.9989677023894425e-06	3.672777569363383e-05
JFMT01	0.018323570931855937	0.010637420714878233	0.04901322246509694	0.06203150895110583	0.01585306982963775	0.005606354719766647	0.008810126945778284	0.3703516749655577	0.5003230271283612	0.0016479101968069024	0.11457116888691471	0.3031594778809909	0.02299980782353589	0.0014023043577574147	0.0005873446174288544	0.0	0.009572529202805576	0.007721779035586658	0.013419034314072894	0.32841482447082626	0.04224790514241562	0.2541161538986172	0.25981448111641275	4.624479991818499e-05	5.846516251916236e-06
JFMU01	0.01565874235911627	0.007698955601018904	0.05280942970051902	0.0702348232443091	0.016458604676436502	0.005855752790812352	0.008422671743841694	0.4494744190465917	0.5233112473555339	0.0021900480249988207	0.1432999855673072	0.30894642222533425	0.03995609043123221	0.0008944002477001028	0.0006742046198135181	3.1451391245157895e-05	0.00428755555199175	0.004902303330720616	0.014735664652562484	0.3834231428249658	0.05102345422586191	0.2811393660521474	0.3170145831306977	6.304380409000984e-05	1.7500975977722727e-05
JFMV01	0.03689534977063978	0.024840568624133263	0.1340829853665289	0.17286159480171925	0.05262986515891136	0.0196293421639835	0.016759172404904113	0.508327416412512	0.7377814083006023	0.004804252924456926	0.2810944820973987	0.5446980034730585	0.09679569977724287	0.011334433568697504	0.003519034652861025	0.00017876465418551434	0.024039240360997773	0.02219592251258456	0.043901684572699995	0.5716883669139391	0.12837646856181092	0.49936813651897893	0.5246151884618527	0.0018934144734259735	0.00024931671255355996
JFMW01	0.012761829763048835	0.007459787038290001	0.07106943332750788	0.09876904847469761	0.020130392817569148	0.0026998361683580625	0.004919482014595337	0.28484709464121244	0.49200448647777145	0.0024186652642045163	0.1356937970945478	0.26310303482093994	0.05227722266065881	0.003641721027224739	0.0020682399306437113	0.0	0.004023009832527151	0.003254379766981626	0.018020675316527814	0.46828379872682085	0.0705589056361398	0.3685387041941459	0.40831791962592506	3.182642034188341e-05	8.24060379055646e-06
JFMX01	0.035739292381983534	0.016052369284859324	0.07920251912353113	0.09815317826199403	0.03073352773259102	0.009186969387759184	0.013066312672080443	0.4799982562650464	0.6043161964127078	0.0031633884686557362	0.16964762784006734	0.39117480816730227	0.04677960880565137	0.00852784332412797	0.006289593240879892	0.0	0.020341361575577893	0.01973069889829698	0.02331299735178597	0.45592729737752474	0.0597687958988163	0.3503159884022711	0.3809936252369173	0.00018755515530261002	2.1172017347947704e-05
JFMY01	0.04279162797030846	0.027496212010612982	0.12161102134064272	0.12929959045919104	0.04775309453947576	0.013743672858718387	0.017264431158416957	0.4433750141609005	0.53633095796456	0.004892045996845967	0.1668877384363183	0.33217547939278885	0.07658007049154801	0.009834828268436437	0.003924710721331189	0.00012388041647457893	0.024910286219407732	0.018179000208586944	0.03989045061256421	0.43550646981634544	0.09317635715279506	0.35218470963403636	0.394300996386213	0.0008609443822684528	0.0005610796809626354
JFMZ01	0.044042201997132324	0.028471884364605047	0.16965372796586434	0.2134102765638545	0.0611879721693101	0.020138008008017478	0.017849072793322682	0.4857924390129769	0.7715071436108465	0.005488329835342452	0.3327201814036263	0.5349840080880139	0.12892909761281207	0.0074288715684362626	0.00415504174542406	0.00011760836622204454	0.020811451817686847	0.01726153971340184	0.05912665530818741	0.6362756924221976	0.1542602653942929	0.5608971116042606	0.6415634156530351	0.0003378506193781345	0.00027667596323193225
JFNA01	0.0338721757750579	0.020916000975543286	0.12008019389560508	0.1334578510963167	0.04031123369338135	0.013135688603498053	0.013791537389096104	0.3600420846049093	0.5517383453346144	0.001968196431201258	0.1874576424827166	0.3852423095823381	0.07583078071798605	0.005843106278678586	0.004166395925489262	0.0003534457269890164	0.013891750697076979	0.015999702110839193	0.03259848880231247	0.4849301731092392	0.09338595350557916	0.3869071122918436	0.4667802774638413	0.0002510273397386015	0.0012331550229243244
JFNC01	0.02603135445373839	0.011694168098230916	0.047206191689170715	0.04782000270182031	0.01333030935500189	0.005645768457578733	0.008609615833345382	0.3484122108731385	0.47717780078910904	0.0011483221497374312	0.1079880107350172	0.2796641744678483	0.030933305198003476	0.003291097212779634	0.0015883370695814617	0.0	0.013863487031310292	0.01036855162608267	0.010639347904214128	0.30000411983089675	0.03660669921239197	0.24001339288137968	0.27757541953111653	0.0001697635601257539	0.0
JFND01	0.06116258429789585	0.04255952068460733	0.24016724079008683	0.2821940211111818	0.08542526382736976	0.02421088854897563	0.023907629477169887	0.4708483734096683	0.7253320208361017	0.007002939594596175	0.4447135941330979	0.559311317491884	0.19540345993228098	0.010975228761306704	0.009241929326110052	2.775485218421057e-05	0.025977347212865886	0.024188245729633982	0.0962951707261255	0.6760238882526695	0.24177285588348282	0.6123765504918155	0.6521061567984421	0.0008081245832677975	0.0001520577673112705
JFNE01	0.029741416224030308	0.01848629054120553	0.1149019646617091	0.14588997988980648	0.036200655654057175	0.008167852960070382	0.010477878623519128	0.41471117149824926	0.6445627354779476	0.007698462487008088	0.2304990186875757	0.4196913713825354	0.080880670854231	0.008006114738567055	0.004236977826069571	7.934784396811528e-05	0.01428347705864842	0.011110990329481457	0.03317047067880236	0.5183252215118395	0.113587780638831	0.44403924017619273	0.4968336936455873	0.0018587876881290032	0.002231994050200595
JFNF01	0.019683143823461747	0.005355215513098502	0.046458934522175574	0.05435886993377989	0.014641619323836895	0.003444807576914961	0.002698736713384514	0.42683733605329033	0.48116581923515406	0.0015470098047150208	0.1214537516864007	0.27615118627950413	0.034135722696437734	0.0016672561165314282	0.0014795535371217013	5.5208070560779866e-05	0.006440824996202883	0.008557284662167885	0.010732103100522122	0.32599133004937986	0.03698777907729827	0.23475781486380215	0.2881779790637807	0.0004882967258796949	0.00035412217816121604
JFNG01	0.04645203085536847	0.02864393492839873	0.20697848476139588	0.24312128618116877	0.06842942928534677	0.01850571264412321	0.010923465429662587	0.47062549523785563	0.7143898756660453	0.006004540470699548	0.3049827579429999	0.4232552474921582	0.1517704807810963	0.014898079879564909	0.005762533806486786	4.683315402314198e-05	0.017992413873521507	0.015546982381760995	0.07541081768725359	0.6776677218218686	0.2069745287505733	0.569739358615199	0.6202855161144604	0.0010777870395630733	0.00028011001011328746
JFNH01	0.07853575890919898	0.05795624312700517	0.36032727190728897	0.4047402279011341	0.13435831652561203	0.03480372080516808	0.025601256998948625	0.5162275436509041	0.7959948419596	0.010829977756521508	0.4623809403791679	0.6387609381310463	0.26489747252139834	0.021097245062257585	0.021075308730438815	1.611451206337766e-05	0.03419658786728287	0.03148611573319788	0.14299020630004197	0.7395145576366849	0.32596097824907244	0.6856350690775717	0.7347944430287818	0.002189186889937072	0.00024504282935083313
JFNI01	0.033898389009069815	0.023770695789068406	0.23909202248252956	0.25375654614660104	0.06610839177503043	0.017865201764096627	0.008444337970261942	0.48119763061234755	0.7580586039772685	0.007050515826943759	0.3617523239976482	0.5087006588410661	0.1729997752078551	0.011095222125032618	0.005540375284918513	0.0	0.007855573924442302	0.005951643569480865	0.09053205117953192	0.7376218697678504	0.25167609564146615	0.6463696316474545	0.6724830637138891	0.001244551140960606	0.0001421326770556776
JFNJ01	0.045153745710446024	0.028711099169796694	0.1560904667078692	0.1864803621123381	0.05682242060942886	0.012628362751525513	0.015781974767655502	0.48109523810319144	0.6396426439375257	0.005826917247566503	0.24430344722343822	0.4146732062852199	0.11145254622074731	0.006999296798769945	0.006554267866935772	2.5025417449582933e-05	0.0222166160634575	0.01210290060256925	0.06647555398291767	0.5288702640659696	0.1431302751630204	0.43796942627933216	0.4952325201620588	0.00059634448121664	0.00018304813538299935
JFNK01	0.01733710435791501	0.009552511969085	0.05046586453049057	0.0615397281696315	0.01835826016141515	0.003703254947188799	0.00687879224653269	0.4597458757682629	0.5594826699503235	0.0032554813684779176	0.14198020703758282	0.34784052795333703	0.039810088435370115	0.0036670507908957623	0.0013797044935222802	0.00020924951606540634	0.010960024265999027	0.008684407434447266	0.0158451415373058	0.38937751187984143	0.044372861675787266	0.28880022090770313	0.3478707172345078	0.0004711352569810444	0.0012673292405027355
JFNL01	0.04866241938467485	0.031433026696765336	0.06707031967087031	0.08130477214578831	0.038521486293490004	0.0157274013743188	0.019054214322207226	0.4479907466591376	0.5233494703699509	0.004155406790930901	0.12614195475579507	0.31268909269878176	0.0518701160019608	0.007152759002643585	0.004638714020358394	0.0	0.03245214825162342	0.02445546884059565	0.015683915066637775	0.3927227246994022	0.06508792623395704	0.286993827324939	0.32084531259953897	0.0009806366927495264	3.1086989959592007e-06
JFNM01	0.03611664744133505	0.021522543362908896	0.13922257584460246	0.17444826523585702	0.05349160774496525	0.01393258307350486	0.013510732738494194	0.4470881604002024	0.6853175512323719	0.005186723419761993	0.26451080521229664	0.4807221014389116	0.10212868600255565	0.008410599861121356	0.006317467614822176	0.00047707315319094	0.016287702444561118	0.017008735285979713	0.0528781442705003	0.5597514249479072	0.12844391490400367	0.46090232576685997	0.5328661826111314	0.0011344549216676207	0.00056510598943051
JFNN01	0.05207546839003783	0.0245334988860588	0.1554729215240591	0.1701379977868731	0.055477424277817086	0.01855862397120405	0.01758914271254763	0.42667247705772965	0.6625104481414101	0.00651574073457276	0.2353233658918025	0.3851125052760516	0.0910297611558582	0.007527608875245568	0.007034842849354736	9.336284844182062e-06	0.027628126668771708	0.023492241702120675	0.0416011769116859	0.6022767642205991	0.13625165926117525	0.46951075898654154	0.5066188554949792	8.19324940367888e-05	1.2234310964305555e-05
JFNO01	0.02421189669299881	0.012327946161967456	0.05629615883390104	0.06986465641443206	0.028412549382058862	0.00654282515445704	0.008190809534315549	0.382877345016276	0.48039136528062215	0.002835847569014187	0.1242648875812727	0.3025393298119412	0.03825263390791827	0.0041964554013919795	0.001972798050132446	1.857315101637885e-05	0.016846892652613576	0.008964351063734924	0.020516523769180294	0.3321040126063905	0.04478623381865751	0.24770389231165776	0.28951625758758043	4.965306056523666e-05	1.0265959433535887e-05
JFNP01	0.08094656887223327	0.05204430187604783	0.37596691691138734	0.42929013414874184	0.14285857789147466	0.037164628080394405	0.02711574838687434	0.5459969301213805	0.77145344834063	0.015034029939857538	0.48334222567787505	0.597859773958921	0.2997735346642044	0.027786003476772493	0.012115210472996005	7.968607793916506e-05	0.04410633292628641	0.037822605585496896	0.13128219443061814	0.7530415150053338	0.305121099726751	0.6934285992026452	0.7655888310626975	0.003157904874184803	0.002655124988117329
JFNQ01	0.09842933835816058	0.04583116608481147	0.2209373000515784	0.23639229261134137	0.09371079127025818	0.02862759981857532	0.026763771804431964	0.46479385435504256	0.581359014099828	0.005101825573485537	0.2544680532201334	0.3987428531267842	0.14010916658152195	0.01629123550732603	0.007147490849047806	2.4190942410786735e-05	0.040429193636045725	0.031181887871130513	0.08433856421892906	0.5566151405508234	0.184561360087372	0.4639397062913991	0.5140572950457388	0.0014437255448577887	0.0008910589853357323
JFNR01	0.02787892005340733	0.016621201968933987	0.05892717514171925	0.0708128904380302	0.02869335597505932	0.010154402382634023	0.014831137891683666	0.3820873404042658	0.544108618799867	0.0029030505154796675	0.14453177369462164	0.3157874269388726	0.043282443852988545	0.003618885213225445	0.00048411115246690543	1.8082176537680545e-05	0.015588490114269183	0.013368301882580381	0.024430387220186228	0.3661591540073035	0.048041717805872984	0.28165347498093113	0.328426122016182	0.0007560167163831788	0.0009025945349886075
JFNS01	0.028054615764283093	0.016468217549442193	0.06671511026089887	0.07652357277044963	0.029828044948286107	0.007692108605267284	0.017860914784273322	0.4312495776562508	0.5533181139809719	0.002210076847485843	0.14820615193571693	0.3300023510401782	0.04059495652921733	0.004052774572404322	0.0016443855094309021	0.0	0.016157361360968455	0.012219214827493868	0.02044907129479332	0.34967954204358215	0.054613094134921054	0.2535836552341199	0.30144474129054355	0.0011345268732901213	0.0015752694720544828
JFNT01	0.03264516650192976	0.016999586884198722	0.12539151533068083	0.16776951316166136	0.04741892094477583	0.011194474980991373	0.010736525634265246	0.4158605338803348	0.6184398533099676	0.003849292157513898	0.21858456004938487	0.36881151031537457	0.08454899242698238	0.007742582913092644	0.004533864081224454	0.0	0.015495365757824052	0.020791713563235146	0.03968914915569437	0.5877665987841064	0.11942890746665992	0.4825292056241337	0.5461657833481848	0.0011534477976332576	0.0005098564025440473
JFNU01	0.16339855331464903	0.12539899030542595	0.5668035235137135	0.6225967840390857	0.29854507159834653	0.08809295278167417	0.050406277041131826	0.47062624548672294	0.647737823340404	0.00898976412102993	0.3783991632758164	0.575543342022127	0.3931888322017785	0.02785486606557538	0.016964744618760443	0.00012785464951505014	0.039828768382959165	0.04019337463203079	0.2542894590238608	0.8116442323241954	0.38076416257123413	0.7602082388608087	0.8430393569020049	0.0011022109575515588	0.00030456316901992527
JFNV01	0.01500510291108393	0.013216209982077393	0.13935668496210185	0.16693334108322339	0.041580916554206336	0.007743748292260804	0.004904993840821303	0.35291273398975037	0.5966411719642305	0.0022250454455825237	0.18226594555307693	0.318921722527324	0.08563142583758471	0.0017051944085530078	0.005492357185470544	0.00014016761095372992	0.0036282627394110104	0.002431123846082785	0.03758076329920467	0.5805496771984895	0.11840312183590253	0.46327938183978107	0.5232400414991333	0.000768087271449978	0.00030996618836857
JFNW01	0.01703720978874405	0.008274943679209506	0.06364322014673846	0.07350659683414333	0.019239409963473345	0.0045758618488585135	0.0033741766140209734	0.4346094876899038	0.5562239669183989	0.00151783847192885	0.13404043608785565	0.34210845992457123	0.03870024860528067	0.004199197426172357	0.0016313946247841432	6.4501945704830266e-06	0.005885840479738628	0.005385701445943787	0.015276447563875958	0.3782745481493028	0.048526541929776006	0.2863345383563772	0.32944688939830175	0.0002634470246253418	1.118483659996437e-05
JFNX01	0.027657813683104094	0.014995228854536554	0.06497375336141471	0.068814531392759	0.018941624962150003	0.00675964936272335	0.01254789994803143	0.45390351291629694	0.6110908575533883	0.003809677529377857	0.1371998522357802	0.39025115429218055	0.03895043732386113	0.0041208327872038234	0.002434478377945293	0.0	0.01374524470643318	0.011270990748188143	0.019602360497514217	0.3980487446777818	0.04444782642418717	0.3060955940229022	0.34915253747630964	0.0011208811401228291	0.0
JFNY01	0.031689165069657625	0.01975889601611378	0.10008548547623566	0.1265281757737806	0.03195067243747557	0.011631288070439835	0.013057779278760293	0.35945912417463777	0.6046883209316689	0.003077411620215237	0.19794709315064254	0.3950706015182542	0.0735214439850498	0.005620350069033048	0.005823116849024691	0.00029309012091074054	0.016731429131318976	0.013532161351283822	0.03309885021801469	0.45191647155581594	0.08483500942342141	0.3614865613204268	0.4233713567293371	0.0006436245179422069	0.00041807218553804697
JFNZ01	0.03698956407403609	0.01888858589511329	0.08019890556420607	0.10028297429385721	0.029565023674145444	0.00823651719028628	0.014087221643675875	0.441183322972776	0.5936356810043801	0.00519886617701554	0.15498176400319685	0.3492415859776326	0.04330205312678979	0.0032672297634960437	0.0013454042555699599	0.000194796957100647	0.01976197487276649	0.0196884158412738	0.02483288044779967	0.4291476880885375	0.05960841683657891	0.3149994271148476	0.37087895031660373	0.00014500572310737508	0.00040748034986427595
JFOA01	0.024791657540124575	0.01791213952829033	0.09013802601880125	0.12140986803068923	0.03187099277495268	0.012653205612492046	0.011650103724005188	0.4818846164101343	0.5510772313993432	0.02860754121527912	0.19608033611105727	0.37818248573909274	0.10683484434175922	0.027929687549084044	0.01698081130094161	0.0009136147859617571	0.021980750848676008	0.016376584700847272	0.02120627404789709	0.38821508780586134	0.11249017486126892	0.33783969545410925	0.37054404261564516	0.000253499780788403	0.0006002865573739043
JFOB01	0.02541096301806025	0.02039778302073159	0.1122887657426907	0.12171789895214306	0.042898227159013154	0.009440572035638915	0.011112444308755012	0.40234294529432985	0.5230130472177283	0.004151661504656633	0.16627132797322958	0.31541240198067133	0.06890741985474991	0.0072432554976572215	0.004029830489753471	0.00035994425724332257	0.015476502044000688	0.011098347263229115	0.04214309449176159	0.4522753829519236	0.09109267908386977	0.35539082361123625	0.41476105299238797	0.0010690487655528689	0.00024305823633233523
JFOC01	0.02905781861478873	0.010323135755369391	0.04629534333499352	0.068602585635066	0.023099059664872044	0.005573963240031035	0.009779723239172424	0.3229353694656887	0.4676220242570327	0.002232008303523767	0.11093601593093219	0.2699508558125103	0.03341673268514077	0.003403948756603957	0.0022191248906955536	0.0	0.010420901614708484	0.010247745554861278	0.01335376027409037	0.33166899545787465	0.03991175174222198	0.2612608485716361	0.2874694840422463	2.850833616995451e-05	1.6339939904864057e-06
JFOD01	0.02216969298653247	0.008553968779374829	0.05825283719518476	0.0675790949309998	0.024813429222410723	0.005160133468844161	0.006188779486005716	0.4399250566801114	0.5957452694550551	0.0012249400564611412	0.14413742520136816	0.3961214702749329	0.034893929754626164	0.0016419497331822044	0.0014205741442967865	3.774325528028225e-06	0.009537423917680676	0.009867660169944245	0.016964317232258216	0.4016244201507075	0.04977956080987716	0.30485396043523444	0.3620841777275448	0.0009738505288955911	3.945678666509583e-05
JFOE01	0.030581018853389572	0.015917771217984954	0.06197847620622425	0.06933303304868026	0.02085582825953532	0.008741315645388086	0.009551187684593093	0.3747936194637198	0.47735098026125844	0.002826978609672244	0.10679662535164766	0.2671424182717905	0.028668196710509963	0.003921992928698527	0.0024003833960233576	0.0	0.014364290361687968	0.013589147652607499	0.02270910380603695	0.36205967979019876	0.05267714213879818	0.2572753805375468	0.3135717547335845	0.0012943387168540424	0.001116447932787128
LG	0.007243288717644325	0.016097486025433788	0.008060496481601998	0.006787052789566486	0.0038731490078341793	0.026692877135626614	0.006855140747123033	0.0035948283031190065	0.0035414126310486316	0.002970394627092335	0.003629517883578093	0.003969489524593506	0.003727123767243764	0.0028598395724763926	0.002637491985140484	0.0025741592316455425	0.010680244877873269	0.010255486966098923	0.006020702672420119	0.004176104201791003	0.05522618680032846	0.003354841430232213	0.00606493493521553	0.002002910816639545	0.0019047618907232426
MED4	0.9457541288952892	0.9373679358928049	0.9440643528491164	0.9416866646824259	0.9401121053447109	0.9306695074584118	0.9387667953760732	0.02688964955892319	0.17101714987018413	0.010120688984829132	0.17884817834887334	0.40930574895284494	0.9065219327657568	0.9089847595721173	0.904180126218479	0.003350645973380061	0.9370765562185889	0.9360836985679628	0.9072827436194584	0.3406550419397916	0.21378402542602437	0.5610891320649933	0.9410597361458682	0.0017818452094088535	0.001246605938758301
MIT9107	0.1551024082515423	0.13792112673600987	0.3975510646807259	0.4455853084135969	0.19143572285426827	0.06372825781431384	0.04633219332019698	0.15053932985648324	0.3734786706660494	0.005573696402299616	0.24386174794114554	0.31225881709499687	0.2688764679674669	0.03371403487645382	0.022584338592359653	0.0014057221860568475	0.05441822316919301	0.0494245610209265	0.5035436501321855	0.7447365515950334	0.5836594682695125	0.5866481102274608	0.7015414557359678	0.0026732948697071844	0.0018518392386944569
MIT9116	0.13551023165686182	0.11303427376672509	0.32381812872037813	0.37719936403211896	0.15557240175280213	0.05308467902570045	0.050738129245706025	0.11857955368456696	0.318243502368445	0.003841499533203177	0.19688697342271794	0.2502051878353911	0.2094318434408069	0.025581932643837884	0.01822280697834668	0.001677903232687017	0.05069319882523762	0.04419434597478884	0.42158948177567523	0.6689322354547209	0.49819738637501165	0.5247570390548156	0.6465901476907644	0.0021771376058642615	0.00174295690507778
MIT9123	0.1370096223006622	0.12234489834208011	0.3455562903996964	0.3889115452954396	0.16373313095568226	0.05582255328031428	0.046224496141147424	0.13600313016669716	0.3400450728169457	0.0038658933908503916	0.21216392014126012	0.2787744035747516	0.22614158650424673	0.027592697949645473	0.02045555115520866	0.00021317529871938204	0.04967976899844416	0.04388253820226069	0.43977396127622637	0.6860539494752226	0.5095874596182084	0.5364409693782592	0.6588683630068721	0.001784133861623361	0.0005727953633544239
MIT9201	0.19142377206304986	0.14965016574969775	0.5438796054047512	0.5945290281901772	0.28251686364522943	0.09481489006448897	0.05983823746736306	0.4339590678010136	0.683448269714596	0.013578270908277117	0.4469704002744662	0.5255115948872816	0.3931090112277494	0.05626653598566703	0.038147689420223986	0.0021554053765196787	0.08070660056724983	0.07177288454401849	0.4112199237431811	0.9518692880670103	0.6096927832171999	0.8689397632914059	0.903975261317141	0.006954094249786122	0.002824928356291766
MIT9202	0.10358793196785451	0.07726583789678255	0.38474898021869985	0.4383800296658035	0.16769377379032702	0.04829212471633605	0.03939766109974481	0.38240383418778034	0.6382098986271495	0.008537127545222916	0.35722663765800416	0.45025788242175946	0.2642844532287188	0.02999006734061917	0.020814085007573	0.00015892671073965665	0.05149921390050814	0.046266134764476614	0.46028882719469555	0.8887580081782283	0.47516261307768015	0.7350353310303029	0.8026569945236566	0.002373025462595511	0.000851641662477772
MIT9211	0.005958356001149293	0.010940244355862709	0.008500685023362962	0.007674325301834637	0.0050149973577128075	0.03273806383298327	0.005906901785135364	0.0044749091916361965	0.004281930644691835	0.0031167009814478774	0.003907040729239948	0.004661516976155537	0.00422619707209723	0.003054370923904796	0.0027998808731145193	0.00245165986636247	0.0075684127971742746	0.007830194516663783	0.008734623696720015	0.0054699959424681375	0.07488782507322676	0.004499465784584588	0.007830234473138676	0.0011650028155650411	0.0013909663313364227
MIT9215	0.13112487804116546	0.08780939815415104	0.3959020343007502	0.44585182230991194	0.17834212325710366	0.05451778175593314	0.05470834885472634	0.37512016148640814	0.6230450764178308	0.00830002451016798	0.3508559299628766	0.4417480740073172	0.26633207855667257	0.03240757123599017	0.020126786435121325	0.00026351941820651806	0.05668238514569412	0.051405320423474614	0.44541976946587614	0.8791118387997805	0.4646408047821493	0.7328718692688077	0.8007952690258958	0.00252607793130801	0.0008708982882112615
MIT9301	0.10851492815350669	0.08231733912793249	0.5543505636485274	0.6344577126814754	0.21905045229313078	0.06463390679546581	0.03832053186944648	0.7839705141659205	0.938949226026087	0.028554085600078098	0.7357531801610598	0.8000528773145724	0.4809783873139745	0.041658558429890614	0.026654046820322283	0.00041772259006549016	0.04069163627355133	0.0368983319867392	0.2635095158478835	0.9531486663286233	0.5718295345875807	0.9115226790904162	0.9417225970219564	0.0038587760349480297	0.0014715308702334038
MIT9302	0.5636312381160145	0.561332448225476	0.8999381539909314	0.9169284661819633	0.5074195263380054	0.20018141527950478	0.09160937142038719	0.3930981128134715	0.7915070499473225	0.01706779508267318	0.6982436534184935	0.7576217814264206	0.7685821830258392	0.10506398227294536	0.07394457378992539	0.00028082158590961504	0.11047404969225971	0.09408416363295634	0.40733771542973574	0.8697469957933757	0.6086987096056713	0.8304619488244694	0.9720247735095753	0.0038171954122552696	0.00131344522602879
MIT9303	0.017604203428199024	0.1748009323447085	0.05521629367570384	0.027069573668178745	0.01520658675344303	0.5765873407430115	0.021632341283109074	0.029724175917667142	0.021860150552730585	0.016335174593497145	0.016929542797068566	0.025292363996045706	0.02137584063131052	0.008859396521468917	0.009208280074217937	0.011263317535053195	0.02446374519104059	0.02214685768374707	0.014077349869814198	0.00831150004565876	0.007504998377133367	0.009855001811459619	0.02004807521847603	0.0025259560590967694	0.002618247623375748
MIT9311	0.380214947161555	0.36058260581988766	0.7413732832719026	0.785775956467767	0.4250142274808706	0.16202572608690533	0.08052372679255394	0.36380736239857375	0.6961069822820747	0.01790339302161714	0.5892247522751048	0.65305198838432	0.6185217242551956	0.09837352838153347	0.06673179057278016	0.004424543449279465	0.09509907872464943	0.09012153278193263	0.41561419481203693	0.8506365435441403	0.5985630080302469	0.8257563191967217	0.9472616283399503	0.006573739680066244	0.003426674431217532
MIT9312	0.2589875175649816	0.2419088374325681	0.6229539603030114	0.6953515437287515	0.27114146923664284	0.08938933566430196	0.05261415261184981	0.23709625271499796	0.5854475141406297	0.006019462399959242	0.4482699124662249	0.5162065682609043	0.4857016374814126	0.04987781012019952	0.0324718889936067	0.00038471151012774754	0.06082931751091135	0.05432227884805107	0.25052933994307724	0.8134597135055844	0.4404528080132998	0.7695004569722568	0.9399168067664672	0.002440853723295203	0.0009640642989323048
MIT9313	0.014876000911667516	0.07404181355718617	0.0341848925858857	0.02067327243856015	0.014233718024479	0.27110865201515844	0.018493116282885205	0.026981464767683535	0.025090872437061304	0.013936227987235575	0.016766772934591518	0.025006344953276836	0.021013633671228264	0.008185771898644573	0.008968918915826187	0.00944662475981453	0.024661856875916394	0.022942239082158297	0.012067091575216111	0.008554652492776642	0.007728632407005592	0.01076679169266237	0.019304542163358952	0.002697202482063671	0.0024119692316231017
MIT9314	0.15170020073888163	0.110304855145188	0.5965262397849895	0.664026572265601	0.2794908759132722	0.08290017877115528	0.050670384117171154	0.7797534300242631	0.9345343707545495	0.02997980005750714	0.714373556996907	0.8066066205693545	0.48655924400607425	0.0541278911539306	0.03160341698674738	0.0017627271623799738	0.0547685107252871	0.04857695323133872	0.3132456683141527	0.9320906829177593	0.6057499028607923	0.8877455529938172	0.9264440300998174	0.007118641384173636	0.0024707407603334376
MIT9321	0.0854074458299174	0.06160918975083854	0.3182534983573155	0.36340815458261	0.13075622012051707	0.03858521643462645	0.027919620515458814	0.3223146520345725	0.5518652594092486	0.006545041445007606	0.29788094953598887	0.3815653157138441	0.21679827192676857	0.021578796697159792	0.0139480217032613	0.00029896236984356474	0.03519962695092525	0.0321086413769774	0.16714365505933548	0.772985282385364	0.3214909105719409	0.6887112025719837	0.7518806234059798	0.001895153152711894	0.000599684456912405
MIT9322	0.09743375487577538	0.07460781413439878	0.3509052002122163	0.3993908665803686	0.14884906139424373	0.04437901055040767	0.03318054811158209	0.34054551828328294	0.5793514585163122	0.008327337228576462	0.31942480488613506	0.4058563124024874	0.24320240510175423	0.028148302954452302	0.016951434094770332	0.0005345700518095307	0.042455933372719926	0.0391481130490178	0.19192910142834577	0.7919321898256103	0.3551281855662965	0.7161119724672413	0.7775577281883538	0.002572256613151568	0.0008966792172141834
MIT9401	0.08013362694453595	0.05789535388948358	0.30062317183020637	0.3409510431805425	0.12030363528775832	0.034606848100346824	0.025892207203354015	0.307251090549194	0.5346771032280632	0.006788939703933598	0.28240401935693155	0.3642246883648335	0.20236911251357823	0.01975887758698417	0.012217300379582529	0.0006572369765744766	0.03502358991437644	0.031114720864370376	0.1521750454191241	0.7558139521763114	0.30423939491750884	0.6752359620436144	0.7399447969865962	0.002160319987417296	0.0010004945656764905
MIT9515	0.6881492092246817	0.5670255723860221	0.7021290202340048	0.6790127060558708	0.6522526252476737	0.48300562569763567	0.6100256450642914	0.019264591783591894	0.10004869563934737	0.0018519479494961669	0.08275874340911776	0.11823666888150951	0.3770602174082257	0.35713445031134217	0.31089987050547824	0.000520658460248924	0.6493515920326748	0.624194422357039	0.7707264808737992	0.380894275303706	0.2380118744547208	0.4768245802204306	0.7486181594800192	0.0011742694119827553	0.0009440665982239589
NATL1A	0.9064294632420602	0.9685127885700383	0.9326211652397538	0.9321030787681482	0.8425349902846332	0.885122850974675	0.9041775208524541	0.006878476608097088	0.14188456121234494	0.04088537691647994	0.8733614459787313	0.8407415398699365	0.8424144177839841	0.8322836977448004	0.787057691650372	0.002993049903651316	0.9495875915602896	0.9490993540982857	0.9481283490807577	0.43951844869248824	0.9380403596600908	0.033051198113885676	0.8432644075293397	0.0014131872193430177	0.0038227938194146157
NATL2A	0.9191212323015882	0.9799788693223617	0.9516440803734746	0.9476985063187783	0.83787621313136	0.8869384984661369	0.913791639980812	0.005620194279669361	0.13366537868735262	0.03495572294042222	0.8696754260666109	0.8370387404948257	0.839440124781688	0.8328467641419064	0.7835695289617849	0.003384371112503431	0.9641170609091736	0.9649922027220432	0.9582581131070124	0.43815391470077236	0.9487541122539953	0.028861958115761553	0.825392458189685	0.0013552805172829367	0.0037318409877398805
PAC1	0.8911741852764451	0.962275014545475	0.9230063859383582	0.9172765949714999	0.7945963302716466	0.8495738137211342	0.8918869352520085	0.009315183396026962	0.14128956876764537	0.03319618507462087	0.8089982701431705	0.7768444747497484	0.7740358544610647	0.7850038629171806	0.7404762486152496	0.006688053096387178	0.9454370873785303	0.9464103452030288	0.9372927457167226	0.43710912796196566	0.9441528576998226	0.02801746092960965	0.7742133818171438	0.005156130812722788	0.0070944097963696875
SB	0.17130601782036076	0.12602851874670037	0.6232002570699972	0.6825910968548706	0.2998217971563464	0.0928464649304791	0.05335013895675512	0.7542622949084782	0.8737896124182502	0.031219474728693786	0.6574067020983356	0.7458781562224979	0.4959188386955682	0.06015615124597269	0.038353072278387135	0.0016603878177053823	0.06931051260742269	0.058186314518270346	0.3408853735870527	0.9493748877196052	0.6561183903623773	0.9415186919914207	0.9245600362985449	0.0069377459379063484	0.0029508561167839553
SS2	0.006629643136397612	0.015377924783382938	0.007526775818180214	0.006528579307505927	0.002878208973967756	0.020630572671172322	0.006002778690809469	0.002924393420713704	0.0028135426512295894	0.002327902479741419	0.0026796042095805334	0.0028874855373860883	0.0030002086957167055	0.0017545897623025349	0.0017289733585383828	0.00147136447505543	0.009214968673639266	0.00950706851799678	0.0052194389770945085	0.003477649965033058	0.043635702331548155	0.002553683953241402	0.0050761311911813635	0.0009475196344963433	0.001147284564124371
SS35	0.003732709280078027	0.010292045072167778	0.004985890586822968	0.003509469950166122	0.0024297199738445565	0.017047985634417995	0.004415777984011726	0.002771898813233828	0.0024702009447156066	0.0021892201269449203	0.0023144137566757047	0.0026789074723960245	0.002343329131935599	0.0014384424670326615	0.0015306485161820382	0.0012895602552800546	0.0059888261471748834	0.006079109365601923	0.0043678034544906135	0.0025183507545656634	0.047072061711400166	0.0019314470165058214	0.004065017294907049	0.0007833341630773016	0.0009319598732253925
SS51	0.004046377870637203	0.008644919330514299	0.005080283277762929	0.004653689152732446	0.002591073118855898	0.019826886489381215	0.00442312259990334	0.003390438017160569	0.0028572540659863024	0.0023309794278080337	0.0031502978006654773	0.003220354224657134	0.0029240055227904315	0.0018801087194850437	0.0019078630207855333	0.0014520368631050007	0.005433287441339617	0.005524293077337006	0.004844678071010375	0.00317528423303051	0.043817054256649696	0.0026683281013388464	0.005161015938619603	0.0008830742347579651	0.0011709061084891534
