bins	ANE_004_05M	ANE_004_40M	ANE_150_05M	ANE_150_40M	ANE_151_05M	ANE_151_80M	ANE_152_05M	ANW_141_05M	ANW_142_05M	ANW_145_05M	ANW_146_05M	ANW_148_05M	ANW_149_05M	ASE_66_05M	ASE_66_30M	ASE_67_05M	ASE_68_05M	ASE_68_50M	ASE_70_05M	ASW_72_05M	ASW_72_100M	ASW_76_05M	ASW_78_05M	ASW_82_05M	ASW_82_40M
AG_349_G23	0.0003549443670547763	7.214231891469733e-05	0.05422954681891207	0.08911157134137893	0.0028192562867819476	0.00017010240240950849	4.606449231738701e-05	0.37398692174916204	0.5187985770007316	0.0	0.4259703160484767	0.44370425958216314	0.21806825811447983	0.0	0.0	0.0	9.229006356465781e-05	4.464942661871781e-05	0.023157736418417195	0.831824563819688	0.2038444751489062	0.9431568709083178	0.640811616297938	0.0	0.0
AG_404_D14	0.011502186169419136	0.002538918929435226	0.10924073168186493	0.15583892460103124	0.039123863445564025	0.0016851529527983917	0.011939822930061805	0.3033297560066837	0.4138882356265052	0.0	0.36047863224629245	0.35501261355894836	0.30399784772583277	0.00011439309493985971	2.0431878879087757e-05	0.0	0.004856781839355689	0.004298245493245845	0.06322824089809634	0.8369267389563899	0.24075950996380927	0.9068715247414667	0.6836234327328647	0.0	0.0
AG_422_K10	0.007371162085548137	0.002486501623455256	0.11494670793601833	0.17081314448358673	0.0246278654595384	0.003838990677774856	0.0037221912575986582	0.20437635394227632	0.40788511420745943	0.0	0.36471081311062686	0.3728956470263746	0.3473372591536264	0.002340853134715735	0.001450517350764649	0.0	0.005636973193729298	0.003708393738133634	0.03978976718169442	0.8351058565781667	0.25570855755704874	0.93911736284493	0.8251788179824356	0.0	0.0
AG_893_K05	0.0007623660751609511	3.5161249872247545e-05	0.06078824417979892	0.10267763835739224	0.00601424861827069	0.0	3.360400110057392e-05	0.8406308243022019	0.7745254351985608	0.0	0.5165583074493494	0.6512590900178581	0.23305023995915333	0.0	0.0	0.0	6.315822365856172e-05	3.6882568564465674e-05	0.022103311900702548	0.8624230466482706	0.20674040483966363	0.8692614780650079	0.5958085827316989	0.0	0.0
AH_321_C14	0.0077072395851818494	0.001540516003321224	0.14599279710838275	0.22505038183847859	0.012387943463444219	0.0	0.0181773992038089	0.014953883281850348	0.14921268240060484	0.0	0.11479323617423663	0.16974130564126677	0.23949758063316953	0.0	0.0	0.0	0.006348234339351472	0.004690160169574011	0.09383116310126538	0.7861868960200485	0.34048631021748965	0.6329957226326592	0.8786639565959139	0.0	0.0
AS9601	0.03720004648029702	0.002939503479174143	0.06452467383551702	0.10247711498454876	0.014019595093464454	0.00391952227918256	0.0073533694332705	0.5589882980648804	0.7543215308562341	0.0	0.5342151609659921	0.5413286861915483	0.21359168268613102	0.0	0.0	0.0	0.014267029435961944	0.007306023613456218	0.012937150616294446	0.9288875462259012	0.1990288926221071	0.8606563759744543	0.6209829049983369	0.0	0.0
CCMP1375	0.0	0.005747126436781609	0.0	0.0	0.0	0.0023684667596712353	0.0	0.0	0.0	0.0	0.0	0.0	0.0	0.0	0.0	0.0	0.0	0.0	0.0	0.0	0.011494252873563218	0.0	0.0	0.0	0.0
EQPAC1	0.9538179173671326	0.3568126706634187	0.7547723629591876	0.6890076496472581	0.9151440274303152	0.7151688537459742	0.7940799203165897	0.008106361601220143	0.01706240950534603	0.0	0.0015058733454387417	0.009599477168103835	0.18034709668179583	0.5482931571326498	0.5733258424825463	0.0	0.6772510158452961	0.6260006773889153	0.121721338699698	0.010020872767729037	0.0010518158670121387	0.015140945012194913	0.16678647807379	0.0	0.0
GP2	0.00210840953927935	0.0002640064282422903	0.08268489586106433	0.1382937657145832	0.008998554865916834	0.0	0.0007652007394712093	0.19675020189790982	0.3957582791005792	0.0	0.30674835297775327	0.3327321721846788	0.230134189264726	0.0	0.0	0.0	0.0007298275952017427	0.0008076347967520108	0.017389009454502013	0.8840445484375109	0.21324830733123812	0.9483674072782209	0.7843720331608959	0.0	0.0
JFKN01	0.0034398742276322207	0.0007797512838376171	0.010608118634377172	0.016335564916019375	0.004311432945841039	0.0011307332741034581	0.0012364054743742483	0.5836253824813136	0.4105410115498309	0.001591681458232664	0.11528144905778728	0.2937356233717423	0.03981760692173721	0.0012690355329949238	0.0012690355329949238	0.0	0.0012152108794688597	0.0006659461826367396	0.006280258909772507	0.20773907253385657	0.03319923872377668	0.15993768302527123	0.1405490778857236	0.0	0.0
JFKO01	0.006821340451805014	0.004548937582865981	0.04683434667595451	0.07710875111379153	0.00984394012661118	0.0059072221119929325	0.0017540715630694058	0.3805293795450146	0.5254663173077163	0.011724691388975406	0.29881672313555174	0.37696226589717896	0.15017659171487374	0.008736557888384601	0.005811155372017586	0.0	0.0020408804720765702	0.002465759411401877	0.029049516059772566	0.6345034039334467	0.13479123003332308	0.5647922040378723	0.39285388685011724	0.0	0.0
JFKP01	0.020094734945421053	0.007066851155805376	0.02143380757515047	0.020854018620334737	0.007731801792245086	0.005610379001181718	0.003692510084373297	0.4789203589647108	0.3739489498246543	0.0029644268774703555	0.09709272746323312	0.2692474087223592	0.03139634835591168	0.004908516899329235	0.00561515855580916	0.0	0.004340188743170065	0.007499872554040709	0.016131437749060132	0.18549745204051277	0.029736766455499386	0.15278231021987765	0.11116214692370349	0.0009881422924901185	0.0
JFKQ01	0.007632779989764964	0.0010874649068514973	0.013601796816684523	0.018480483913967963	0.002856170911168937	0.0011881436274299448	0.0012234061843205235	0.6033372948337593	0.4217131017402304	0.00778816199376947	0.1176157537160584	0.33283975338614924	0.03453519308552143	0.0028793597751511544	0.00010087668410090325	0.0	0.0013170083437740077	0.0012045090484572413	0.006491985057097884	0.1572774581517145	0.02212452765736493	0.11511287669542246	0.09716400214639812	0.0	0.0
JFKR01	0.012129836692451873	0.003411733750845082	0.014192019872642564	0.018021770994578506	0.009863292576681197	0.006079687250401028	0.006160441114627627	0.5586174245153949	0.387527001489284	0.0009845860471729675	0.10724857416208497	0.2760248852890673	0.02356633195746778	0.0028333291062223524	0.002201124422522182	0.005995677805680015	0.007005291131542791	0.005790153748084924	0.0038276043777217797	0.16800540235175054	0.022656688214721298	0.12566074850382614	0.10881793668817366	0.009231828434135031	0.0011155307476230308
JFKS01	0.00041068528525780424	0.0002882427946964845	0.027361428511411247	0.03653839690645506	0.00717777551541798	0.001978639396916987	0.0026595744680851063	0.3830423830365136	0.7272195686205297	0.007978723404255319	0.4151407027861088	0.4881574385157323	0.08943447747587636	0.005679802118106948	0.0031865371210656255	0.0	0.00018021930292760565	0.00045447142039492804	0.020325019494826117	0.383463902359466	0.08806638116449113	0.3394249990804977	0.24890884846603398	0.0	0.0
JFKT01	0.0053508264921346485	0.0014376751930564753	0.014675012855665926	0.01579335316924756	0.003387713280221427	0.0017203224520366607	0.002145682951850564	0.6187382107447515	0.49153820680326515	0.007462686567164179	0.0877034715834264	0.43546029662922436	0.027745118832307784	0.0024875621890547263	0.0	0.0	0.002814888666571302	0.004293704886264893	0.0027166741359051206	0.20483930574135017	0.021717183122734424	0.15248751026383725	0.13076773994949184	0.0	0.0
JFKU01	0.005141182626141169	0.0012992890684047403	0.026630088011795228	0.03417621166568309	0.011278033121118029	0.0032046537347020093	0.0023558117835942778	0.4686961777662787	0.5547426147810574	0.003530146692388387	0.19690754531641258	0.3235289507847301	0.054498383742033696	0.0019368622387070055	0.0017809304413755579	0.0	0.001871887992280802	0.0021791800267733966	0.007841490378232847	0.4003062822672916	0.046489101202258416	0.3249028068374528	0.239979714455235	0.0022707391802520237	0.0033176951762300014
JFKV01	0.00016364696006883992	0.0011723401047733933	0.01134866414863041	0.02043594111147314	0.002308353585217637	0.0006416360437543793	0.0	0.5120592041313102	0.771181778413835	0.0	0.24707518167074038	0.5711193724687524	0.057775648409938846	0.0	0.0	0.0	0.0	5.272681530515327e-05	0.005350606457869139	0.3480430437052311	0.04158124267966431	0.3285428336950357	0.25621989265206363	0.0	0.0
JFKW01	0.0035092431454106935	0.0013290698236649962	0.012155944849577658	0.014781589874862352	0.004491893165952971	0.0007958847766085363	0.0007536296142157369	0.5467774225158933	0.43450183850116614	0.002364980153262131	0.11083344340371025	0.36332948121954994	0.026935009421970187	0.0012840998270586949	0.0002574603030299881	0.0	0.00025395548348581653	0.00021120521402096112	0.006155907069181998	0.15628275290708774	0.01870297517584763	0.1188166078832329	0.10303354787604035	0.0	0.0
JFKX01	0.009363358401681652	0.0015755688082372099	0.008923163622276528	0.01487502046921131	0.005710441688603583	0.0013741637443302182	0.0003789690616783341	0.6027789273247114	0.42276989264487147	0.0	0.09792885797985272	0.3081110124099881	0.03659445279963258	0.00267379679144385	0.0	0.0	0.0025941909113235836	0.0017211279300302928	0.009371618219261604	0.1794800391746325	0.013926228338643976	0.12604121633730528	0.11509714087552433	0.0	0.0
JFKY01	0.003395006438519359	0.000458912985326988	0.016417529289105566	0.01614731240529446	0.002617115128146405	0.0008624913894651164	0.0008867056353226562	0.5821847374405198	0.41964568001177915	0.001597444089456869	0.08863349320604896	0.32712187081453553	0.022240632431340425	0.0021838856703080443	0.0	0.0	0.001120854942158554	0.0008588930013248095	0.006268464288895198	0.18745060944389597	0.028067957795350425	0.13059742799679272	0.10840277811579178	0.0	0.0
JFKZ01	0.008120949205803042	0.001146769401937375	0.013682128267901697	0.012966820730663684	0.003071748666264411	0.001564400051845781	0.0033984430463046664	0.5970795437928835	0.5031326823332687	0.0024390243902439024	0.10054397953713681	0.4250091690422387	0.026141620526509136	0.003336972421496254	0.0010405466601233848	0.0	0.0020887865321048762	0.002101309313350904	0.007591405550649742	0.14523295936120156	0.030354682067544183	0.11880726484583624	0.09553885000022468	0.0	0.0
JFLA01	0.05597407496057246	0.015523567714490009	0.08094476236088524	0.09681820386097369	0.04548968373744581	0.03126652785271677	0.027570663174248076	0.5001604334723834	0.6825652171419428	0.006155698184899835	0.45455998106127404	0.4717387068491389	0.20757796224099131	0.015780577068474386	0.008339365268977288	0.0	0.010879992151305007	0.0096490806968463	0.013499205979558369	0.5135452117867719	0.11191701005708608	0.44138085624512674	0.47448601681591224	0.0	0.0
JFLB01	0.01994711979674043	0.005129305251400785	0.018321802811593846	0.0249546668651183	0.008958377810721842	0.0071053170707034985	0.007518367662338979	0.5804569810284523	0.4782807184416132	0.0028169014084507044	0.10658102029511385	0.3786981681190892	0.021475779183276898	0.007798786832953389	0.0005212052980173754	0.0	0.010112230754582634	0.011559045699338955	0.01245523077050041	0.17897835581872543	0.01765840276191739	0.13810242693752772	0.12434269591673476	0.0037056253371326293	0.0
JFLC01	0.012435816530252683	0.002047505690616674	0.006108569157708878	0.010557800735367459	0.006090645722756904	0.003491185261358262	0.00458608960761449	0.5394943016779811	0.4500234086763748	0.004258880596550514	0.07431488962422765	0.37667705660051304	0.02377492764781185	0.0017299291923883933	0.0014616960006896714	0.0013070586622020415	0.005557716125840939	0.004002023325883502	0.007755406464568447	0.1497219662199957	0.014314948962183912	0.11424246026335273	0.09660233731932605	0.0029437816271979684	0.004085371918027655
JFLD01	0.009825033734338675	0.0022160458415929687	0.016109601124720048	0.034131380365081704	0.011430927403121897	0.0015336785257642827	0.0031054906863498856	0.4293354389839236	0.5860086234953242	0.0007587085697212176	0.15686577830637757	0.30428016384448503	0.03635237246504335	0.0006500535636607075	0.0031142389795910524	0.0	0.003064951731810898	0.003150473896721742	0.009799415870737769	0.3990384735404717	0.0337330113688476	0.30258666913771054	0.2413908586429314	0.0	0.0
JFLE01	0.03327460229303972	0.004791709110975346	0.03773965766320526	0.05205273321706336	0.023175738765595668	0.009734448104230577	0.0078258378826064	0.818552196934037	0.5649038941170526	0.02808137431245704	0.29069386847882567	0.7286992265484771	0.10981511009256942	0.009690105457114427	0.004497035463041262	0.0	0.005634435139614082	0.005022946813022611	0.021780022101672826	0.30329965536925757	0.05219307235097207	0.19639585071304066	0.15467038250997892	0.0	0.0
JFLF01	0.0040556669336930095	0.0016394795743358323	0.011534233475789139	0.008458504174418466	0.0021342572958435294	0.0013731753487384042	0.00030924859630874986	0.5224698025962492	0.45745526623599797	0.0038885774631795184	0.09687981015509117	0.35652681180780404	0.017385716976742967	0.0014102866524782996	2.9532703603295003e-05	0.0	0.00026609959973625957	3.3421890551754673e-06	0.005869498727849064	0.17807936596579266	0.01949246201552784	0.12035452335676397	0.1101686615643481	0.0	0.0024323558116983645
JFLG01	0.009283328579212356	0.0024257067515135165	0.03296090075795662	0.04964807585746042	0.01070299230268849	0.0031798088701939543	0.003751385150219847	0.4350147098239876	0.839431936660801	0.013089005235602094	0.37887794837111616	0.4569692982795138	0.09914408258330756	0.004029737826677775	0.0009360105868811625	0.0033579140397758524	0.003359772717006565	0.0028059421335460367	0.0127626784997173	0.43394578847091386	0.08019059533750188	0.43860985026577626	0.28894340392460904	0.0005217411939944814	0.00012291789561605398
JFLH01	0.00989931516943941	0.0010996048701172277	0.01544654602586435	0.020010276550005042	0.002514019433798824	0.0020325203252032522	0.00016239466160381118	0.5947518729216092	0.47455751687104913	0.0	0.11560700513097495	0.3515791712538884	0.02177360819835006	0.0	0.0020325203252032522	0.0	0.0002055178524542046	0.0	0.0026169146099611637	0.18255510604973127	0.025560845903071595	0.14578325408592913	0.11482151627917409	0.0	0.0
JFLI01	0.015811978645688084	0.003073995765682221	0.012511413039415586	0.015470507450671847	0.009149874714908364	0.002931668908115355	0.0020717269018812904	0.5605645902132462	0.39618687332115043	0.002777777777777778	0.11119448602001	0.2840492344940305	0.02702049281805324	0.006105883187767115	0.002777777777777778	0.0	0.003907405866986019	0.0027011973901008	0.006697695146969957	0.1868777385133999	0.019506628600799762	0.14757077929946869	0.12093157941273323	0.0	0.0
JFLJ01	0.028321955149231293	0.024093985958930562	0.20939555149985714	0.33669547268172123	0.05027598609481848	0.03536438526297448	0.012891873125766002	0.09642072093183529	0.29521853144243093	0.001983610176395524	0.3527352821466925	0.41585938306470654	0.5315234910656753	0.013383771141320935	0.0075700561947800475	0.003745318352059925	0.008752216441164293	0.009309313626589702	0.04749510537239106	0.3329586022095421	0.2396764038535028	0.3780344265306198	0.5281900457910603	0.0001037769742186628	0.0
JFLK01	0.006672739481193601	0.0023854918588813814	0.04297439879841054	0.05937924909891145	0.013660095120398253	0.007503203642660306	0.003590733765291722	0.403380413364402	0.636113725929033	0.014326378687342317	0.4348430581390691	0.44865547041948034	0.16307516240101125	0.006614942382632199	0.0065044159911518	0.001607717041800643	0.002605115181642028	0.0021382741885064716	0.011345793575201069	0.4265783062560952	0.07666139428201624	0.37381940372747635	0.41698480146981187	0.008032039589075817	0.005018518941406994
JFLL01	0.010516630628984365	0.004371986481412083	0.02014628047839957	0.025274225858911342	0.009553833992574149	0.008831966688343441	0.004553378549918723	0.46372083811542403	0.6298198770006306	0.006006006006006006	0.2106394336943969	0.4688660607889222	0.06624043962424249	0.00532218138484478	0.005268227950377545	0.0	0.0036453170144896867	0.004289943852892623	0.012771936442578471	0.26751715716403246	0.04285563855557909	0.22857422095274668	0.1941523698360151	0.0	0.0
JFLM01	0.013692624257189923	0.003580555343139241	0.009702664460937472	0.008439342003837938	0.00485091963420318	0.004639609243626699	0.007585723552379568	0.6733450856446752	0.418615009848958	0.004451038575667656	0.09597363391757231	0.3193036122973163	0.015799895556931745	0.0005235443941226139	0.0023619073678453873	0.0	0.004381978209945038	0.0034296654990135056	0.005871133706445895	0.16051048958090658	0.0159861475999952	0.1175904465941909	0.08939279674139214	0.0	8.833947014106434e-05
JFLN01	0.005732208182565434	0.0017970271109434709	0.011209482321693094	0.0156134258569478	0.013684335654463392	0.005338400362370573	0.009555793252259722	0.6898638907038248	0.5143639657886572	0.0	0.13263711558280553	0.440526643912235	0.025208720109053843	0.0	0.0024203543396647776	0.0	0.004948861410935248	0.0030547432889612676	0.00855510250103212	0.17277206281477286	0.01711632005641591	0.12653675357201927	0.10963966126565734	0.0	0.0021008403361344537
JFLO01	0.014330997656540471	0.007869800396427637	0.03217402580206517	0.03266632444592248	0.018740070499980506	0.0025558268323153644	0.021519413826619635	0.47841150307179814	0.6071387855969888	0.004608294930875576	0.1996279737382195	0.5204957638225693	0.03930378014357572	0.009069599249819793	0.004891829033371115	0.0	0.013589565515595538	0.028743332767865594	0.010833617768992124	0.2667741262586441	0.027710867926149834	0.23600731217807666	0.25533541354329287	0.00173714952895836	0.0
JFLP01	0.0047879594736730475	0.000915645578123097	0.015248669399721226	0.01285088065212754	0.005008026810775782	0.0013008822749278643	0.0012257758940057378	0.6923817833228358	0.46572535565205275	0.002066115702479339	0.08860275396466721	0.34674151838037826	0.021784007751478204	0.004039984201814666	0.0	0.0	0.0017580612779127657	0.001302577440173393	0.00622054975224576	0.15648695749646868	0.019733600181731616	0.12220315554154465	0.1060866119536947	0.002066115702479339	0.0036611827573867976
JFLQ01	0.002584205389304129	0.0003029824103907866	0.015880793530422023	0.01854247854191018	0.004628407935931349	0.00026216353303055203	0.0009855526403311323	0.5625622993022521	0.726990605554653	0.006696428571428571	0.2372197792098826	0.6075393897454567	0.04320935947678177	0.0044734678443504455	0.0	0.0	0.002736578388402491	0.0016248082934677624	0.007237002349517221	0.2765439021362336	0.02413301192489025	0.2653995455365295	0.23018807532146462	0.0	0.0
JFLR01	0.0067421913321797375	0.0013088185799657477	0.019654175205880312	0.01998706420396421	0.009544176964065471	0.006544822661019354	0.005583888270926955	0.47984228001734397	0.43108068180023545	0.0037593984962406013	0.11552652488414292	0.30737011907281064	0.03642847704568854	0.002854999999768807	0.0039358116678913655	0.0	0.008683510716667354	0.004691181315310207	0.012705535672852607	0.16997881065976037	0.02392795316045918	0.13795886008808456	0.10589272227989886	0.0	0.0
JFLS01	0.0017280838167335242	0.00014074382763982232	0.012689206452388978	0.009303183294189788	0.006620999041172829	3.4799022683369496e-05	0.0012134297565434252	0.656970013906272	0.4121935922772297	0.0	0.07420830373902242	0.2793764108437426	0.016252694963677976	0.002631578947368421	0.0	0.0	0.0005759886403631098	0.0027932320723095283	0.003609485385892325	0.16751523632391538	0.0051718469485568085	0.12021577806974085	0.10024977261478418	0.0	0.0
JFLT01	0.015023633403561408	0.005651705944910113	0.055925303378744406	0.07883538656057147	0.02493965801918367	0.014407619209839635	0.007571397517534231	0.417421103999829	0.6322989433522799	0.012243573761592692	0.408884771989088	0.40622273188954156	0.1743701430426145	0.011531481943704004	0.0046454915827283194	0.0	0.0035579182017513936	0.002634566811197286	0.021160907271555115	0.6363215677151142	0.13459328770446893	0.5599943502562628	0.45988959274009833	0.0	0.0
JFLU01	0.013606002419572464	0.007008668858685905	0.05012747291274135	0.0726399712775142	0.01670184393773385	0.009080434220564476	0.007502560009137877	0.39017972189748823	0.5691232119887328	0.010108187429681774	0.3206099167224652	0.344721977000685	0.14619474169171973	0.005725861742067341	0.004004532230998729	0.0	0.0035575493923737803	0.003043951757945774	0.025655531372157914	0.6156158197225152	0.10847276536043818	0.5122912387634453	0.39192810203829387	0.0011627906976744186	0.0
JFLV01	0.004594924436740256	0.0017943360509860209	0.018129094141531892	0.02847081558675235	0.018395664827609477	0.007968257883438724	0.004071740198481917	0.5163416961707374	0.38324012326408524	0.015480744084386402	0.09923653519888366	0.26801398077216715	0.0443607957561928	0.009954035984175713	0.006137202632908752	0.0	0.0020777669497309206	0.0023279740934657365	0.009686344126467525	0.17827846918857537	0.03196415432491036	0.12259639953376335	0.10962536222213046	0.0	0.0
JFLW01	0.05398898050284909	0.012186176666362347	0.006711912870817422	0.004851790790446862	0.001692181385113546	0.0	0.006578146748185582	0.6428806072540878	0.49475220383014473	0.0	0.10305708378077719	0.47102425278627585	0.012291490369189497	0.0	0.0	0.0	0.0020173266354127635	0.004520460701391682	0.003983185407540445	0.11654324127720984	0.009675593254484353	0.0972497537647793	0.09257056745411715	0.0	0.0
JFLX01	0.026877348479092285	0.012010728747249394	0.04314810459467074	0.04513515375735246	0.02885832032398229	0.02463764844189187	0.019389754011710125	0.4770034503119985	0.659600286107921	0.009206110491991258	0.24835265939257742	0.5044376697820222	0.059968671040530865	0.006207875907234745	0.005066232727947857	0.0	0.0036966009656081347	0.003024409199051417	0.011451361833392272	0.352572940059993	0.03545491132472207	0.30851934302992806	0.27244730947300977	0.0	0.0
JFLY01	0.004018732603421003	0.000942817044191331	0.013206242235757639	0.014250607924097903	0.004474135965273005	0.0043821270664061674	0.0029432010415626608	0.5647446124780846	0.48694666302189527	0.0017573301669388535	0.1018495483036666	0.3967576776406515	0.03753669992161051	0.004485442789388131	0.0004108204544746513	0.00029714920096654925	0.00241354218047196	0.0022933370379223956	0.006875051098315806	0.1394202113692704	0.011812486833403763	0.10611282512525437	0.07971255799937015	0.0005980829032107496	0.0033783783783783786
JFLZ01	0.01246320243566723	0.004149608932075632	0.03130403845594381	0.04504495623110389	0.006071881456056225	0.0036987689043686805	0.0030345901680743238	0.3565065873632523	0.6716249668686269	0.019464301361128724	0.28608775315708124	0.36494232336599497	0.09069085745931392	0.008064553353675267	0.002145180863995631	0.0	0.005254128859981416	0.0031569483641556515	0.016339851453349326	0.4651673808785428	0.0874320526935148	0.37904840350709046	0.28740036772839117	0.0053475935828877	0.002755636205731587
JFMA01	0.05614158804775748	0.008998136242712005	0.016756681114900595	0.019634649380505916	0.007482710842842694	0.0017163382728923305	0.00584676400383189	0.5004267081056307	0.3811394171111823	0.001869158878504673	0.10401906902921768	0.2659235907814425	0.012721541277698423	0.0003575462189304026	0.001869158878504673	0.0	0.009228801074054018	0.007577866766807267	0.006297206992330031	0.17160597335662475	0.015911376898748688	0.12866713370724664	0.10122250791068022	0.0009345794392523365	0.0
JFMB01	0.004542264943282842	0.0016278032630136757	0.03364833529804951	0.050660212928959024	0.008085162873666377	0.006108441893805943	0.002109472298642766	0.35406978601217115	0.6581985698409263	0.005187483936230411	0.34481622207494317	0.303072102825198	0.11487460411858148	0.006631779399713574	0.00014238541895846208	0.0	0.0020560535313101477	0.005447028976114924	0.01283594653216728	0.5671739075470298	0.10793753637796509	0.4804548033542232	0.34375893020463977	0.0034602076124567475	0.0029675148053036364
JFMC01	0.033741522208259066	0.014849990611354235	0.02860949323482142	0.02903162905914889	0.015071607568202219	0.008031829785337332	0.011300471778158273	0.4989903156996522	0.6548047848295239	0.0018050541516245488	0.20062786748817077	0.5445127119564931	0.03192177481988752	0.003094949019002129	0.0014311807856974693	0.0	0.006110527120421895	0.008068748760752871	0.009089675580224606	0.2831012353131214	0.03130104937644106	0.2545133167654672	0.20563101181380736	0.0036101083032490976	0.0001654529525306512
JFMD01	0.019780754569132888	0.0054232827732282555	0.020367213418161084	0.021808131089311653	0.01295476485501806	0.006681272823115319	0.016139779054589822	0.5109293984282365	0.5091778914540112	0.0034802784222737818	0.12762091257130553	0.3425338370546494	0.02650884079989181	0.00889070108092117	0.007732786258295724	0.0	0.013867447735655493	0.010973148525018237	0.011402343150398073	0.13862332738253832	0.01679127420170628	0.10033694056021543	0.09608271747914443	0.0	0.0
JFME01	0.00842019963295095	0.0021844978254496215	0.021103858213200693	0.02800724442703219	0.008984938132232357	0.00244957875973079	0.0036061863349691704	0.46167597819308237	0.5996105632452671	0.0	0.18459187816910078	0.372167657113456	0.04132769845648288	0.0008265809611669618	0.0015015015015015015	0.0	0.0032191121071934907	0.0036558311597026487	0.009049751937515504	0.3650512711106264	0.03265815537364901	0.29641540966869695	0.226198211862956	0.0	0.0
JFMF01	0.012530325670789929	0.003763835574262623	0.05960295545909577	0.0823708357506706	0.016668323620355637	0.007066955505370401	0.0009944693385439591	0.38211712671344983	0.5480670961858165	0.010232346132878814	0.37673150045466175	0.3909135101741692	0.20739831799221298	0.0069442187345029145	0.00580168259776291	0.001006036217303823	0.0020887637596502715	0.0010004901722531383	0.036951248012326014	0.6726337409751857	0.13771371295997656	0.5989422041330269	0.4854902862128992	0.002012072434607646	0.0
JFMG01	0.023177308338249044	0.0046669476370789255	0.01216567328634369	0.019571967401228695	0.01063835347273031	0.0030613143214123627	0.005510922011892231	0.578583926070369	0.48689509493377087	0.002305543120863757	0.13552928337545644	0.35834525673965373	0.03090534803017322	0.004173868520257554	0.0024630541871921183	0.0	0.02539551451614097	0.01423434022037808	0.01336092717851258	0.22122902271766276	0.019444046886529315	0.16457868077338947	0.12854162789474116	0.0007685156171239109	0.0012315270935960591
JFMH01	0.010822008388327703	0.004421140160885347	0.032591853551139915	0.04527814176309203	0.023874681244336535	0.012747242151527593	0.007780031303129726	0.6530031388003482	0.44822396616505833	0.08241267913699342	0.26040357458861696	0.6349594426002446	0.12037016253346357	0.0032260291152156717	0.0033026462381579445	0.0	0.00590152822425746	0.005284445209917337	0.013365278926195438	0.2685383175917615	0.04227448320430349	0.1368063778764654	0.13534871160562142	0.006097560975609756	0.0
JFMI01	0.005430835594579905	0.0015629187228981994	0.015067559607537707	0.012248756693531782	0.004684405220270793	0.0016947479160509854	0.001736628045116459	0.6215907935691121	0.49489605079744603	0.0	0.10600627095641564	0.3565632124155355	0.02549649548341789	6.53157011053767e-05	0.0	0.0	0.0019637674606325993	0.0021492834808558665	0.007048658882778942	0.22436814104299374	0.01637767564676168	0.14717712604815722	0.12301973659996983	0.0	0.0
JFMJ01	0.003315123780407569	0.0012100702333778374	0.018025592959225817	0.02193622025277858	0.004349877435302512	0.003927031601820552	0.003982604607385889	0.5011416123084123	0.6510898029970009	0.004619855079179971	0.25715164235691407	0.545599177937463	0.047542196749267865	0.0015604957955464849	0.0018450914181108269	0.0	0.003795785764981914	0.002332773961613122	0.01035297340195927	0.27296216704605153	0.0322512904000943	0.23890363106464482	0.19968749699396934	0.0	0.0
JFMK01	0.004734684720615429	0.0009718963790583858	0.024524108894771506	0.04468156510002815	0.007911324298152856	0.003698083189284392	0.0007439326115251967	0.3893763270271622	0.7003899182478286	0.007130252297569308	0.3636650506996944	0.28876124897458944	0.09561095235580777	0.010612979085725832	0.003340719903504114	0.0	0.003032655184816191	0.0004430601330610645	0.016793413436922477	0.4020022879448585	0.06827161351684942	0.35265592174513083	0.2656377877291353	0.0	0.0
JFML01	0.003204732869722729	0.0007990968645164672	0.04416387528695315	0.06465865743605621	0.009482857794996163	0.0033700514129164716	0.000650844608804079	0.5664465123435499	0.6511101201032984	0.02587849109591813	0.5123385291148953	0.6791150863211054	0.19389505514992025	0.008758710722366995	0.005501603403885585	0.0	0.00031792154807530745	0.0024540218645407786	0.015613830467557765	0.45826879233510515	0.1050283287811058	0.4021452729454419	0.524862188340392	0.0	0.0
JFMM01	0.014140459008582643	0.0022708767613605347	0.022656279546925895	0.02107556041780437	0.009611906399982901	0.007634567344182043	0.004230229846311032	0.49673707279678486	0.6311997212576234	0.00211864406779661	0.17762367233390242	0.35613051292640047	0.050640334108049634	0.0043069902013673665	0.0006312419627565786	0.0	0.0024730801625576816	0.004944225769630263	0.0077385099247245836	0.4168670882854674	0.05001183227463499	0.33722275845861543	0.2695565949526481	0.0	0.0
JFMN01	0.014118163558256626	0.00551514339653507	0.04345638237459592	0.05832301963189941	0.015615321568812113	0.011462823753834214	0.008400255657396893	0.4201825246865754	0.7672705867635874	0.009916982706553178	0.3234455089508863	0.4512368323270632	0.11727225669595942	0.004934659443280446	0.003164212674608411	0.0	0.008763260031802776	0.008051510313463522	0.0121407589749757	0.5136742843013065	0.0913466281399882	0.48299400914562374	0.3328172498548928	0.0	0.0014619883040935672
JFMO01	0.010432170017473385	0.0016097451027195578	0.018860285890720124	0.03008473971581342	0.006368125705575636	0.0021072969638002907	0.005338687178451167	0.45967729907832355	0.541319512698529	0.005069918351925033	0.18376975193494127	0.32802696492230765	0.04235800015046583	0.00037061380573221825	0.002484287557354369	0.0	0.0051455256536958646	0.003026377956887831	0.007812004836620093	0.3578079755635176	0.036957876363945784	0.2776601967285111	0.22748097854750796	0.0	0.0
JFMP01	0.008264266472874206	0.0024419935072455263	0.016796931507044192	0.022451361333324458	0.010646805992981631	0.004234117366846786	0.0036136871857135747	0.5074960973455472	0.5732267545903867	0.008830022075055188	0.18769434756741246	0.3571375755397266	0.059842713954558466	0.004917631906258652	0.0033112582781456954	0.0	0.0037514195573488196	0.0026778391755161563	0.010784525710859909	0.22868017427461806	0.0306575306475477	0.18116593180798696	0.14978429291768405	0.0011037527593818985	0.0
JFMQ01	0.031625932980058835	0.012068425123777886	0.028445996880232874	0.02797422005581339	0.020265768168304485	0.012304154238210028	0.014232585071495168	0.49625390562584776	0.46256547302403017	0.0029154518950437317	0.14611812589798995	0.3721452578946098	0.036228863574724296	0.008272309694903895	0.001971002224215851	0.0	0.019437872805633215	0.019199870883185782	0.010035870004743598	0.22115043559810182	0.03095447057724833	0.17104242867333386	0.14765749896717895	0.0	0.0
JFMR01	0.007017832106763692	0.0019650132033989165	0.03185261224801554	0.055430880908402	0.02178506818731433	0.006820434046587823	0.015603821631877538	0.3855884421427543	0.6839556382738178	0.0045045045045045045	0.4398119640293384	0.5203259989625298	0.10606550991650292	0.008076205904324209	0.0022522522522522522	0.0	0.013478467236847034	0.01942178037320725	0.015969398981438128	0.45999552495468043	0.07256484006074297	0.37347731016178914	0.2729311821116013	0.0	0.0
JFMS01	0.011352432953180058	0.002778971283040683	0.04003275448139164	0.04529170320400506	0.02448844112665075	0.003400505597862593	0.0080407334563511	0.47133258688752705	0.37911317545209927	0.0028169014084507044	0.10345135780946828	0.32865832107152854	0.018364217430633666	0.0013263270539119927	0.0	0.0	0.0034159879643660134	0.001780048933953629	0.005746809804980248	0.17238440090643628	0.024288364406940474	0.1405328187734536	0.1056867875837805	0.0	0.0
JFMT01	0.0033644069047349184	0.0023432337839889455	0.011053921906475346	0.015434468746721969	0.004143125847085896	0.0016266565095864464	0.0018794696448038925	0.5182098853454642	0.45453717619392503	0.0012135922330097086	0.10136743706485433	0.34428918740840486	0.01389948338399262	0.0012135922330097086	0.0	0.0	0.0022450034453430764	0.0008957242756870483	0.005661196718459825	0.15908201035019157	0.020170734238904267	0.12330967912791853	0.08047452477882579	0.0	0.0
JFMU01	0.0022238257547589992	0.0011714662956934037	0.00704677646348276	0.009753163607290331	0.0038121641982328193	0.0009911101886871416	0.0012099692322239677	0.6133894720450146	0.406486766501563	0.00273224043715847	0.10626258247337751	0.2806842259319041	0.025438852405209277	0.0	0.0	0.0	0.0	0.00020248936866433843	0.002030921671612466	0.18091056367755268	0.014544165567542794	0.12951253690585462	0.08786135889395938	0.0	0.0
JFMV01	0.006814998738494153	0.002861225824646664	0.012952408323607669	0.02185247021687128	0.006718892275486561	0.007070169188344786	0.003929584465001599	0.5974267799194446	0.7311398138524586	0.0028735632183908046	0.25227398096150394	0.6303537083454854	0.04027167743482304	0.008260336830049923	0.0	0.0	0.0067561772527252465	0.004654215676648291	0.005960905775141594	0.2793542137345773	0.03342671054749878	0.2719012539597371	0.19270808613214468	0.0028735632183908046	0.0
JFMW01	0.004828858445665554	0.0018561801195531098	0.012945136191229679	0.028028655159996887	0.0059196277909774695	0.0003115324042400449	0.002323401334539453	0.3652987036722978	0.5028642761692487	0.002183406113537118	0.14717509252818584	0.2933768666184044	0.04377662913767586	0.00441485920786666	0.003911833518339234	0.0	0.0013454200322833884	0.000619954239562884	0.005383901994767893	0.3565997299785396	0.03418291979029634	0.2656603490676383	0.2050391733193975	0.0	0.0
JFMX01	0.010357646582399313	0.001268095615142899	0.013644525587319756	0.017263224063123583	0.0057590243517880585	0.0008246141751270777	0.002421107020152429	0.6598932325023212	0.5103315993994088	0.0008424616804737925	0.11228261635901748	0.4157100930810408	0.01601170888577623	0.006610588012694674	0.004561702804593335	0.0	0.003162854130592011	0.0029831942839848844	0.0056467901690771555	0.20633386563972775	0.012694980202560524	0.15263354526805797	0.11475678305205073	0.0	0.0
JFMY01	0.01058658641753178	0.0031352798922667123	0.02544638252573301	0.029183216217045983	0.01097164555288825	0.0037590499384068097	0.004726172016525731	0.5779969813785435	0.4335917106732544	0.005016722408026756	0.13364718891899355	0.3140340857883709	0.05800015325858134	0.00812392809276267	0.003239547281353223	0.0	0.005031185892480236	0.0023211819757756364	0.013354289638758558	0.255295509639401	0.04080486207886014	0.2110923019862995	0.17154639542491182	0.0	0.0
JFMZ01	0.005470874232918389	0.004574665659606931	0.017881821342498824	0.036342062173266555	0.010633001259760367	0.002752839608913449	0.002169073482008665	0.5436560646695968	0.7886639226963155	0.0	0.3525590875649481	0.6092864870038642	0.062085828348725704	0.0019153156899380241	0.0	0.0	0.0044688593532352895	0.001216487525538999	0.008257867292044677	0.3739778842977923	0.035344560125838385	0.34169291068336527	0.2902691159800809	0.0	0.0
JFNA01	0.01240672288673125	0.004907728647749467	0.026114171328463942	0.038904319920462345	0.016945457493796143	0.008256580121829917	0.005279422982878961	0.4095760672482871	0.5162542141403458	0.0	0.1769274639450836	0.45430113111362447	0.05334679505372941	0.0031597396654479523	0.003382871967917381	0.0	0.00317937545565437	0.003923093441663262	0.009212211259055978	0.2916510134975895	0.03724163653886373	0.24011036971359562	0.22513814573693466	0.0	0.0007625778110779948
JFNC01	0.011314173412790413	0.004926282405825212	0.013635916547807353	0.01574616817359755	0.0065247612164419915	0.004904637238526162	0.004482877871220087	0.48822359202674054	0.40435824230093964	0.001176470588235294	0.09298808838668601	0.3017059746134585	0.027311741605317658	0.004705882352941176	0.0019273749890898514	0.0	0.00584265399018363	0.0019641919619937916	0.0034447030628971215	0.1409952720638611	0.023809009829644033	0.11740279884811602	0.09811246571853376	0.0	0.0
JFND01	0.029006494998432577	0.013964221009469405	0.03505862096790237	0.048627032216545865	0.01370651092988364	0.00710295870499997	0.01472957300308893	0.3575614319310892	0.6845004194309049	0.0022501898165088146	0.47494607448830906	0.5114801929148852	0.11538061103366153	0.004239164362209732	0.004805638188374332	0.0	0.009660408316705678	0.009550656562116991	0.019512277371458758	0.41622727472017934	0.07853082967542786	0.3856471885680366	0.30439616252492846	0.0	0.0
JFNE01	0.00902115324784708	0.0022894392540744185	0.017956152396607774	0.026793722711224714	0.00808193186863954	0.001212348327149079	0.0036214655454294437	0.4527535356439553	0.6062684071568204	0.009846827133479213	0.22792099780347583	0.4576600030448597	0.051545411211869514	0.0054858374151758975	0.001295188750962859	0.0	0.0037745792934533607	0.0016941327131746002	0.00795615281890161	0.28624342903561806	0.0460064382494833	0.25556799345392817	0.1985062265786831	0.0032822757111597373	0.002900871938094753
JFNF01	0.006306056010844747	0.0007379847313244451	0.00908505774971609	0.013399734705974138	0.0027704080822678083	0.00040005124328901037	0.0	0.6089505739382762	0.3764216435618052	0.001366120218579235	0.0986290660789812	0.26489859526135207	0.031570635103628335	0.001366120218579235	0.001345405739554637	0.0	0.00114071618171783	0.002183224276213859	0.0049915930167321165	0.14683766968764875	0.017973726479337	0.10849944946000344	0.10046442462179371	0.0	0.0
JFNG01	0.005538049549332644	0.0010714803044971025	0.025720564089589424	0.04292577901006195	0.007361723315221899	0.002725345713424415	0.0010189211460628874	0.49378592753004136	0.6545576202221609	0.0028266560526685543	0.2709178211033616	0.35092078501787416	0.10143509721310814	0.009854614223978035	0.0029092396973574774	0.0	0.002406456707282001	0.0010960089056583975	0.016229024774900503	0.503700876565696	0.08228408683406875	0.41071459132598687	0.3056238190016343	0.0018181818181818182	0.0
JFNH01	0.018125223747990655	0.007752284901929652	0.056008652232071625	0.07725172274550718	0.01894012830509581	0.009683840403090829	0.011345942228044635	0.3829393788085329	0.6267990096583186	0.007264056812636291	0.4370984571759227	0.5540603304460551	0.1803138214319137	0.00775278864458131	0.013775411234225	0.0	0.008429419119400787	0.009855679480819607	0.022231332465240748	0.5920033285277623	0.13053549087887586	0.5538346262351573	0.41057140163010225	0.002	0.0
JFNI01	0.0043854024544323685	0.0035540729114119526	0.026951206666921353	0.042821156358748856	0.00830374116342951	0.0032267947958641674	0.0016132987659815935	0.39171429320636253	0.7360993512468204	0.0	0.30561749062357535	0.38394555938411645	0.07410198915632392	0.0011840334703134162	0.0008935465192801701	0.0	3.863614348572947e-05	0.0	0.018646367422002503	0.4634157739375399	0.08277288839067837	0.4125554020346183	0.2630079074089403	0.0	0.0
JFNJ01	0.008381463851014017	0.004834334436154167	0.03193485165729135	0.04051394810473178	0.008880201541237568	0.0035176205098605444	0.007007524458292329	0.5661715499145213	0.5218379326705014	0.005565750104547174	0.21860732974985173	0.39420497468134713	0.08807404774848912	0.002611492890725217	0.0038593659551628356	0.0	0.007163605880162309	0.0016595983121582762	0.01978231059969452	0.3339474058909797	0.06189349699050988	0.264871451396155	0.24603375985127013	0.0	0.0
JFNK01	0.003693238587987485	0.0009151653646042087	0.009813015588869666	0.011142852766516453	0.007541767777952974	0.0014920174295317017	0.002876771193856626	0.6271055807808463	0.4390921311950505	0.003835020007703661	0.11983598448706183	0.35988084011590604	0.030871602639527686	0.0022750172252045783	0.0009836402781719146	0.0	0.004291010095292911	0.001922444851193294	0.003737812576288761	0.147826739024011	0.019799724040404375	0.11289689896809875	0.09141895886964459	0.0010964912280701754	0.0010964912280701754
JFNL01	0.022160293337055787	0.006241358599719663	0.015551217987285638	0.017242891854598513	0.019598663474620828	0.007734500704805956	0.0065924841572730375	0.5737216975410464	0.42610051844123775	0.005569039820856636	0.0954585293550805	0.32920946780922955	0.03652669201427507	0.0039394772436579855	0.0036385449396141387	0.0	0.011964186633221229	0.006257482105476273	0.003995498198701379	0.1720159872452458	0.028746048480310503	0.13606484073433706	0.10800721017451255	0.0023094688221709007	0.0
JFNM01	0.006033567536316383	0.002408184328110497	0.021249318890500708	0.029460207628277967	0.011228471624235806	0.00228558417931939	0.004218937490200004	0.4687121584813029	0.6285187314398036	0.006862236182520061	0.25627239870192897	0.5077668567632536	0.05511236416877815	0.003465953138536932	0.004248677144769234	0.0	0.0033103674267302916	0.00355379570601746	0.014114621696535526	0.2869380452448006	0.04514478396438632	0.26797433031614326	0.20751187034440574	0.0012987012987012987	0.0
JFNN01	0.014181745974419322	0.0035171401272791046	0.01988919328843939	0.02870937174311189	0.00632221405639244	0.007387572279228837	0.0039949664276675585	0.49415951306375366	0.650622663791735	0.005763688760806916	0.20782292045707984	0.35163090777855993	0.044351111912154115	0.0038538471937701337	0.004350865494224367	0.0	0.011437810737057815	0.006282772820618231	0.008317860762280733	0.43907552864240834	0.05413182281870602	0.3286344000279362	0.22353460108950124	0.0	0.0
JFNO01	0.008568579484733926	0.001986406670014172	0.012445706750245124	0.015932185889133362	0.009071862247881982	0.0013762544219359603	0.0011317493941991378	0.5478476512951826	0.4149532944103347	0.0018726591760299626	0.10496970843611532	0.3610685506842287	0.02784716556580712	0.003745318352059925	0.0018726591760299626	0.0	0.0051004845491654785	0.001495535466589611	0.005284234335380754	0.16426147972852476	0.015357696820103704	0.12486597279484647	0.1105834973329435	0.0	0.0
JFNP01	0.026261356013489823	0.008462654823989252	0.057554031405928616	0.08567482003247277	0.01925000137641624	0.01423101450071057	0.017148347735027592	0.4402125489567654	0.6668916577171177	0.01191152719872559	0.4751900523125189	0.5059079869801681	0.19728543677008295	0.01610638810924925	0.000602693807483812	0.0	0.01877658888431545	0.017340314359402413	0.022740012265638387	0.48253841409055176	0.09359234537870754	0.45537201551405143	0.4760616678257955	0.003334519063935464	0.004132231404958678
JFNQ01	0.0600103745243204	0.009386399767424175	0.051060195408449985	0.0586418379298167	0.021463747660400913	0.012070168555931661	0.008441536420166247	0.5170772305499723	0.46110160373221976	0.0036439420498883207	0.22725291057349226	0.3438610220630638	0.10385061179270984	0.008458605807930706	0.0018004557894854179	0.0	0.01302353870056288	0.007852412711972165	0.02175242375610385	0.3897304228136242	0.08296494954938494	0.325974172325428	0.2594374678496484	0.001006036217303823	0.001006036217303823
JFNR01	0.006292588893692348	0.0037823542650792376	0.014936780096325968	0.018506802429115086	0.010736756740632831	0.00671616533328594	0.006762502539412529	0.5323513085045354	0.468678702843645	0.003236245954692557	0.136554706881118	0.34029418714681375	0.02639378053928794	0.0018424871437208589	0.0	0.0	0.0034052653879805	0.0034383176064875015	0.01077956571483456	0.1819538631023259	0.026730101746450182	0.13859502821757944	0.11559868354997124	0.0016181229773462784	0.0016181229773462784
JFNS01	0.007746841163374708	0.002172284986459174	0.013414000709542141	0.020027935737071678	0.008905799263784547	0.0019958515750018546	0.005930439643208403	0.5883396603143111	0.46458791977251046	0.0013850415512465374	0.14889114678769977	0.35574606844970963	0.03870587558124711	0.0014425979878962454	0.0017654399749507694	0.0	0.0028942030656374127	0.0015846504604260538	0.007678323646302413	0.1611351235432101	0.027788838791599425	0.11877029426470556	0.10121393985526402	0.0006723337780295976	0.002770083102493075
JFNT01	0.007003450687882118	0.0023145912210681065	0.025121395229230202	0.030475966260487413	0.009008260748866763	0.003298204047424468	0.0041830665626359015	0.5059419247194678	0.6242819783685846	0.0017857142857142857	0.19797152700475462	0.3785426070209344	0.047770101848366386	0.004515972810099117	0.0006312823437381856	0.0	0.005624103234175583	0.008823918955871876	0.007752720089620911	0.4406855698490478	0.036566884747788096	0.34290737708101743	0.2933286599442049	0.0017857142857142857	0.0009157000223402246
JFNU01	0.01718762309066719	0.010398828410858721	0.10802295227152985	0.15249626077698333	0.04523053640466632	0.02302027341314525	0.012120067105216537	0.30600473306123216	0.25789623882136997	0.0035211267605633804	0.2131188532775987	0.36419172256755744	0.3127605998742256	0.006046762254807966	0.006037875350438432	0.0	0.002583481557207929	0.0024095053637873507	0.05541318876274016	0.6161807939555882	0.14162352267562023	0.5552092319669933	0.627606254660879	0.0	0.0
JFNV01	0.0006766787318253259	0.0011821662065533472	0.021659032724296288	0.03385084958706677	0.011918095762734488	0.000431567942919416	0.0	0.42103888173635523	0.6299227305406737	0.0	0.1477705997671496	0.3324851987032696	0.05270306855752321	0.0	0.005681818181818182	0.0	0.0	0.0	0.012877404186047603	0.4711099992310838	0.04311906126597278	0.3839660482617823	0.3095973862159936	0.0	0.0
JFNW01	0.004042222094733527	0.0026259745104299952	0.011238606628377905	0.016047794349668642	0.003786568986756543	0.0021261892539964303	0.00031490127648774836	0.6010546290891576	0.45145382129225053	0.0	0.11348683988310128	0.3579822607026696	0.02700978394561455	0.003240434055449356	0.0	0.0	0.0006355035827404426	0.0008605793996992704	0.004067933038077687	0.17745975465049732	0.02026313333818415	0.13200843773514132	0.10793997277935442	0.0	0.0
JFNX01	0.006159330529606468	0.0017000918403455745	0.010460590059244912	0.01088620611108757	0.003067495794375956	0.0017710841942271329	0.0034774424608710534	0.6424156295621724	0.5296643418326739	0.0038314176245210726	0.0729496265395733	0.44325176120044785	0.013510058954401874	0.002266951970058244	0.0005258877014877962	0.0	0.0020921157309705405	0.0017267837012062042	0.005064565764275358	0.17165155905209692	0.013245767668981315	0.12671769315747536	0.10378979922170352	0.0019157088122605363	0.0
JFNY01	0.010469750878293767	0.002247746178873772	0.021046572006461685	0.02732524087264339	0.006911910005731198	0.0031828322039669545	0.006319780941621512	0.40050717271132913	0.5885565841418738	0.00440892676609855	0.20960328535233902	0.4459653615061825	0.057215413312723916	0.004187784567626156	0.007401099269494911	0.0	0.004940793847290927	0.004718187521999317	0.012126596836544143	0.26095123195316555	0.03509236311494694	0.20215084237836528	0.1737122720843961	0.0011013215859030838	0.0011013215859030838
JFNZ01	0.005732484069473081	0.00301464931694638	0.012931043372885968	0.020681816318826617	0.006777192651794563	0.001831401965777342	0.0031945338703918053	0.5804848257488666	0.5101947255611342	0.009408602150537635	0.11450646082219247	0.34736877758389506	0.03059868057361584	0.0015670659941499812	9.202708936147837e-05	0.0	0.00317081323488087	0.006338877493290885	0.007743321330200501	0.2027929012607443	0.02555609020173977	0.14114652132146518	0.11536792031530492	0.0	0.0
JFOA01	0.004999509116851834	0.001969829291210703	0.008765077836149644	0.017230852100695283	0.005783632103876053	0.0025816253790668198	0.0035773040792009586	0.6013924572983572	0.37112717084922986	0.04334121275760382	0.11725974243794937	0.32203696449855745	0.05453336683121401	0.0066981911734848715	0.004757769407355382	0.0017921146953405018	0.014046537409941925	0.010758970215053084	0.004464880295926743	0.16395159241393512	0.03856654564517165	0.13419831151130418	0.10982959943185423	0.0	0.0
JFOB01	0.009381434994807033	0.005989996378462836	0.029545333791521456	0.03172046323823361	0.012612321922149127	0.004913183200574259	0.005007744750396535	0.510650289962858	0.43248183965799725	0.0044943820224719105	0.15876858440934744	0.3086201129062822	0.05842208935621133	0.004648424158505036	0.0052482915636515946	0.0	0.008249869356324139	0.006390512113021545	0.016090176570617884	0.288007185672009	0.0470464958156051	0.23934365695943954	0.19197235558598205	0.0	0.0
JFOC01	0.02017885330268998	0.003154047546712805	0.009112408524623807	0.02296391234454869	0.011054572797514284	0.004862456774146841	0.0074152203263653195	0.44050697764731744	0.4192766521062215	0.002288329519450801	0.10255316006478392	0.3054825915785671	0.029264599011058635	0.002288329519450801	0.0030333988132194576	0.0	0.0041562890096557585	0.0045980608927742046	0.0035413594903375444	0.17521915231304416	0.02018243961611663	0.1672199596737646	0.12322636270223679	0.0	0.0
JFOD01	0.002495754393188229	0.00015932396563118694	0.00813117722089308	0.005454149257830741	0.005207623537706572	7.196665877136803e-05	0.0004484223183491521	0.6393705614258308	0.5151536213576059	0.0	0.0759367320519702	0.4628890188025037	0.009360719588530438	0.0	0.0	0.0	0.0008013299875814641	0.0040433306932833365	0.0033022798409560656	0.16072009409705176	0.011185522214028623	0.1083919690011071	0.10272557735559962	0.0026041666666666665	0.0
JFOE01	0.008516736870853546	0.004297116674748023	0.018795779843764553	0.02154403922535481	0.007069812108500021	0.006369190929661694	0.00500414733278282	0.5249381280750771	0.4043647950210512	0.0027032267487926867	0.09580886987644185	0.2814448554870994	0.014733796068730484	0.00018415919514408664	0.0015118699657352564	0.0	0.003749720082820417	0.0034348655963378273	0.010123034614401822	0.19101365151732205	0.03131280172807934	0.13562035310918966	0.12731126730237205	0.0028169014084507044	0.0022235770669718105
LG	2.9342737292064252e-05	0.011904761904761904	0.0	0.0	0.0	0.0	0.0	0.0	0.0	0.0	0.0	0.0	0.0	0.0	0.0	0.0	0.0020930204346333555	0.0014708399573312525	0.0	0.0	0.009499751271715378	0.0	0.0	0.0	0.0
MED4	0.9629993389854992	0.35733116241534	0.750999395117024	0.6872377175855507	0.9244052986799919	0.7140924322858522	0.7989592583008798	1.8898800878609688e-05	0.00012018632524929014	0.0	0.00010325387288824825	0.0033435744440855715	0.1729384102330795	0.5471306187495829	0.5700660309390048	0.0	0.6862511396159984	0.6342695453712548	0.11764770646958253	0.0004803930568245136	0.00047791320325207257	0.003528062670142769	0.15670479727587253	0.0	0.0
MIT9107	0.005772714752765514	0.0013243409452184062	0.09074313974870563	0.153380716563516	0.009905069426686891	0.000208224629029705	9.704799880568993e-07	0.016308869520529713	0.10754763759914397	0.0	0.10051208349183866	0.12925904451341344	0.18224796315035063	0.0	0.0	0.0	0.0006587694489145306	0.00014933445234894597	0.43844331364018746	0.6179818021356454	0.740121144784476	0.5046698413115844	0.6511103744251702	0.0	0.0
MIT9116	0.025682660097946595	0.0012750937928414155	0.0663548794422104	0.11918696469087292	0.009581814125772463	0.005022384959264087	0.017129211071944324	0.012768759912346616	0.09520719765078822	0.0	0.07562385870279295	0.09637451636048285	0.12096672874370923	0.0	0.0	0.0	0.0016443038911911703	0.0024192952048707824	0.36888832020893814	0.6799245684993753	0.6328269929342971	0.4506141101549248	0.6865352312348143	0.0	0.0
MIT9123	0.008040657436910634	0.0017236141898621937	0.07738263493457541	0.13202092244993247	0.00920926297536216	0.00021260333617529855	0.013824159998582313	0.018272221646352924	0.1054623749544494	0.0	0.07347439514330979	0.11906096964220511	0.13160639015225004	0.0	0.0	0.0	0.0012290814876760546	8.25647136688484e-06	0.3697333628202724	0.6690548961906037	0.6478166110189582	0.4793409689886122	0.6910443956453337	0.0	0.0
MIT9201	0.017267518417329476	0.0014721713909889092	0.07519284104470325	0.11254609944297336	0.012430867808328906	0.0	8.672251244725476e-05	0.12871753452534493	0.2596643981610202	0.0	0.22623218847180743	0.22423065970205455	0.21807277890773874	0.0	0.0	0.0	0.003727139984352653	0.0027443260047830377	0.09138650541393405	0.9662075968368979	0.28763276356508916	0.7683308255662359	0.6658893453935866	0.0	0.0
MIT9202	0.0008554761048541517	0.0001225526111659716	0.050247068919792554	0.08586663524972477	0.0017745429668513787	0.0	0.0004332093579909349	0.17628908085277611	0.40656920464781654	0.0	0.2088447656294008	0.2587282308658557	0.0876165406364366	0.0	0.0	0.0	0.00011229918933396107	0.00012911924409250843	0.29460919121662715	0.958564624766362	0.2892290058470409	0.7029226368664334	0.5825560794341575	0.0	0.0
MIT9211	0.0	0.0	0.0	0.0	0.0	0.008117912796111465	0.0	0.0	0.0	0.0	0.0	0.0	0.0	0.0	0.0	0.0	0.0	0.0	0.0	0.0	0.023809523809523808	0.0	0.0	0.0	0.0
MIT9215	0.0326584584624933	0.0007510765643066315	0.08155551672618379	0.0968432690398371	0.015201987286446927	0.0	0.016227041365431363	0.16716419181956202	0.39214758342428113	0.0	0.21675579627777972	0.2605995537646254	0.09617610127939612	0.0	0.0	0.0	0.0015060818954541967	0.0011358409916109665	0.2767540416619451	0.9542907421529478	0.28605517276054887	0.7222795202554578	0.6157990501351429	0.0	0.0
MIT9301	0.0042868735357207335	0.0016593946231743058	0.05960530428268593	0.0978479746938255	0.0070988299825494065	0.0035264790657587963	0.002099985007243559	0.5671379351282048	0.8658694010346202	0.0	0.7055003476361903	0.6323577913625782	0.2891724080411929	0.0	0.0	0.0	7.473004316863694e-05	1.5345276496898243e-05	0.013712548003846968	0.8368801828663358	0.18102558992064458	0.8529918802215395	0.7795494318174142	0.0	0.0
MIT9302	0.04306941415502397	0.04246971229905953	0.2629679160051498	0.37572899404823207	0.05582707961927315	0.010878237405908627	0.01042128114061191	0.061247671021848825	0.1974641255632563	0.0	0.4351025693449307	0.34300354803196903	0.9181575706049886	0.0	0.0	0.0	0.01421150034896323	0.005809241507050804	0.05094892305417549	0.4344132972042112	0.19417236515953729	0.4909048879902455	0.855844333257367	0.0	0.0
MIT9303	0.00023621137353341395	0.0011224232293355252	0.00025644887924925673	3.990245699054757e-05	0.0	0.9619573380787099	0.0004420633035628011	0.007462686567164179	7.765964421961318e-05	0.0	0.0	0.0010572671445262887	0.0007987604556410132	0.0	0.0	0.0	0.0002928201931444852	0.0002875533704934283	0.0	0.0	0.0	0.0	0.00018968878127731162	0.0	0.0
MIT9311	0.03178376563907204	0.01979870470685376	0.18433469362145902	0.27561055667715795	0.05340739914427011	0.0068822738290900175	0.005580474488454471	0.06926266732066483	0.20565005981818882	0.006024096385542169	0.3891963479975075	0.32756967480757787	0.6947750165831524	0.004576418380722014	0.0024407978404404713	0.0	0.003474214687434507	0.0023386038899338903	0.06972720226376358	0.5515871714654003	0.26306904201778214	0.6341599038820163	0.9374764630621861	0.00019644802986691347	0.0
MIT9312	0.027649509424654377	0.00923623873219941	0.17029082201792325	0.2576039194926599	0.029983613814766236	0.0026443736152801	0.004613995227864236	0.03727334700140933	0.1790013117860143	0.0	0.3108300303364105	0.2650294986249624	0.6028029813097627	0.0	0.0	0.0	0.0026518351947309553	0.0011377299985164426	0.02177283098968156	0.4914155042339729	0.17668704721294817	0.5597820427496376	0.9562121552025297	0.0	0.0
MIT9313	0.0	0.00040699050598116114	9.418518881515497e-05	1.9728470646308406e-05	0.0	0.6093654505032257	3.3887533378099916e-05	7.103680679428674e-05	0.006874756943770515	0.004166666666666667	0.0	6.628199122449735e-05	0.0004134106797723239	0.0	0.0	0.0	1.1195533998857804e-05	9.045545379373357e-05	0.0	0.0	0.0	0.0	1.6580529734431332e-05	0.0	0.0
MIT9314	0.0063012950116866995	0.002080123642221001	0.07310186849806401	0.11355485770213439	0.013349532617511413	0.003200117196262537	0.002844000822026111	0.5662316015165924	0.8599753488336296	0.0	0.626047091189935	0.586218553755978	0.2853306241275911	0.0005139968376943608	0.0	0.0	0.0007648437431528891	0.00044513348901880484	0.028321468105634313	0.8851967398401276	0.21895452377224986	0.8528624094219331	0.6540727235077092	0.0	0.0
MIT9321	0.00020428979449505026	0.0	0.04012266620763789	0.07119421340241301	0.0012865238821475643	0.0	0.0	0.15655897632281165	0.38192340524319696	0.0	0.18246342328031495	0.23601307779962957	0.074601673532689	0.0	0.0	0.0	6.070159507693988e-05	2.4640164671604587e-05	0.006321966636669407	0.9297703086583464	0.12376161501045267	0.8120523643740274	0.7019229953073337	0.0	0.0
MIT9322	0.0003566896429523522	9.80228263490503e-07	0.04908442851291507	0.08661261639034747	0.002535639254160888	0.0	0.0	0.16822273310033625	0.3928767871699513	0.0	0.20344501114532793	0.2570631322437005	0.09663627992416006	0.0	0.0	0.0	7.812173004890636e-05	2.369225334460785e-05	0.015924356353370934	0.9314139035110731	0.15285820953492876	0.8284341081689601	0.6993487418788352	0.0	0.0
MIT9401	0.00045508752052468294	1.330625151160538e-05	0.03822181451014397	0.06310621916091909	0.0007300658128977834	0.0	0.0	0.1473210265794266	0.3910334744696956	0.0	0.1739055568223033	0.2283934792632747	0.0666626496569286	0.0	0.0	0.0	0.0	1.932899038126329e-06	0.0055835559137105105	0.9363744629016649	0.11301360309369245	0.8145966482286344	0.7049005944069192	0.0	0.0
MIT9515	0.3583679409963085	0.1736562421928173	0.5819855362108717	0.5484293483200889	0.5225642404940137	0.4140645544419434	0.5240972500947887	0.0	0.0006849944704689275	0.0	0.00014535212150198942	0.0004142117010449612	0.3025399370444009	0.3903790510839185	0.34423775766417214	0.0	0.3178922449270408	0.28505272788714864	0.9166377465460168	0.029097223653420903	0.023804493447283324	0.11003215186082375	0.5496368118928798	0.0	0.0
NATL1A	0.06021175990781908	0.8329133725610449	0.17358303431276384	0.17304825294604012	0.052784586938544494	0.2823213512183125	0.21214808492409795	0.0	2.9009874012028454e-05	0.0	0.22814967730248317	0.08663456070184375	0.28078837280967206	0.44922442906064997	0.44140384351797696	0.0	0.4535296142031385	0.5191709151865503	0.9279637700720095	0.0017858005023513892	0.6580586403191178	0.0	0.017962641555038864	0.0	0.0
NATL2A	0.06038518996350247	0.830696238902726	0.17786792966604703	0.17412902120832077	0.051901075093590064	0.2772071518913485	0.21587881305616016	0.0	6.460872638391638e-05	0.0	0.22832393462148787	0.08934835849612002	0.2776125245303795	0.44710783029525236	0.4343871543552034	0.0	0.46530054002524324	0.532571386344929	0.9597080084249329	0.0018140885076407467	0.6848510563682944	0.0	0.016601819190871742	0.0	0.0
PAC1	0.05597953765688442	0.7433875047411257	0.16009989397673144	0.15551655928653957	0.04771588741335554	0.2534574500321354	0.21593642103421273	8.240786379897454e-06	4.6817170712285626e-05	0.001997657667953452	0.18139573094721476	0.07086716874335296	0.2230085485574056	0.39895043939735	0.39613908957933475	0.004623727521153433	0.4069446587723669	0.4674714506901882	0.8869176254605733	0.0019948519331147545	0.7688044534228398	1.2572416081078674e-05	0.014167858944303575	0.0018880178179076	0.0016918673652704175
SB	0.005608372276702746	0.0008554926878639756	0.06449462166947173	0.09966526778208089	0.010660055678868626	0.0011407607471868814	0.001555269088703986	0.4862301563588254	0.6236061460346575	0.0	0.45105343308669077	0.44649202526561255	0.246064644207338	0.0	0.0	0.0	0.0008583727865890923	0.0003322729243767921	0.026873772644167328	0.9216166967451771	0.2316805182981231	0.9400809205106574	0.5890368498350049	0.0	0.0
SS2	0.0	0.012195121951219513	0.0	0.0	0.0	0.0	0.0	0.0	0.0	0.0	0.0	0.0	0.0	0.0	0.0	0.0	0.0011366819805038904	0.001393843942530859	0.0	0.0	0.006776327489455848	0.0	0.0	0.0	0.0
SS35	0.0	0.0	0.0	0.0	0.0	0.0	0.0	0.0	0.0	0.0	0.0	0.0	0.0	0.0	0.0	0.0	0.0	0.0	0.0	0.0	0.0058823529411764705	0.0	0.0	0.0	0.0
SS51	0.0	0.0	0.0	0.0	0.0	0.0007786101539024252	0.0	0.0	0.0	0.0	0.0	0.0	0.0	0.0	0.0	0.0	0.0	0.0	0.0	0.0	0.012195121951219513	0.0	0.0	0.0	0.0
