bins	ANE_004_05M	ANE_004_40M	ANE_150_05M	ANE_150_40M	ANE_151_05M	ANE_151_80M	ANE_152_05M	ANW_141_05M	ANW_142_05M	ANW_145_05M	ANW_146_05M	ANW_148_05M	ANW_149_05M	ASE_66_05M	ASE_66_30M	ASE_67_05M	ASE_68_05M	ASE_68_50M	ASE_70_05M	ASW_72_05M	ASW_72_100M	ASW_76_05M	ASW_78_05M	ASW_82_05M	ASW_82_40M
AG_349_G23	0.007100294726889424	0.0019718884695671536	0.9727468029406197	1.3999562840911182	0.041268454474054646	0.0008457296128529005	0.00054808205493137	2.0455516623657024	8.365826419088258	0.0	1.3459697456488717	2.6447928007637276	0.49769587793506675	0.0	0.0	0.0	0.002215592626551531	0.0010291078784229468	0.16681845599142	24.09982395424158	1.1156562894395254	19.363712423702072	24.73236424929144	0.0	0.0
AG_404_D14	0.15671579514277198	0.048220289227388885	3.2775195813690603	4.524561071695695	0.5806829123383401	0.013101629263025535	0.01683354451010541	3.77939380394217	15.29378786931039	0.0	2.5572916922800335	4.726631032016062	1.4834340557563541	0.0005005575770142752	8.677542519958348e-05	0.0	0.048529196339480524	0.03872113758763898	0.8545989366543356	48.616428386388115	2.7981746083424475	41.92977440389429	58.1102330680991	0.0	0.0
AG_422_K10	0.12122000506663061	0.031879571026858976	1.4806437630557343	1.9126754678247	0.23397052789191342	0.013178414948633074	0.029893743257580582	1.1228763512650395	5.804025951596291	0.0	0.9888898819763539	1.8667182761927312	0.6047353221622414	0.0025631400522396685	0.0011165736188650946	0.0	0.08101250032490884	0.056587461269438984	0.21212227085749671	19.181728112943702	1.0958272498812096	15.60113505452029	24.548753285514568	0.0	0.0
AG_893_K05	0.012859311625774583	0.0004168359701017591	1.1244202790752857	1.6366798565709628	0.07854841448484522	0.0	0.00014172141540669253	4.221125308440102	12.396784021864809	0.0	1.6397856807288043	3.7208647888411335	0.5458742820216225	0.0	0.0	0.0	0.0005278609240510142	0.00029508178763422454	0.16377873163220003	26.046814922748865	1.1700570947998221	18.97479163458734	23.644256808907038	0.0	0.0
AH_321_C14	0.025553179181168353	0.009680154511833098	0.5141043212023114	0.7207383559814952	0.044250977297932814	0.0	0.015544857084704777	0.035110690473277834	0.6612795702685209	0.0	0.12095008729604828	0.28659212796588046	0.14569408503385498	0.0	0.0	0.0	0.012312538853346345	0.0092058248133206	0.11663550800513406	4.559817844886461	0.38135584993498967	3.011693676834014	6.5432784228712855	0.0	0.0
AS9601	0.06900139026587641	0.011968869336525566	0.810291760618132	1.230687364428918	0.044616040927639766	0.0023528081292810733	0.012114488537085764	2.588379995259349	10.265410636575627	0.0	1.4183547095842035	2.6669406286377053	0.3967888056478013	0.0	0.0	0.0	0.025639743979773085	0.020814829266615018	0.06807955445305187	22.406282648630743	0.911063755208283	15.233203906022586	20.02759897446942	0.0	0.0
CCMP1375	0.0	1.3647079695533652e-05	0.0	0.0	0.0	0.0002706726214643389	0.0	0.0	0.0	0.0	0.0	0.0	0.0	0.0	0.0	0.0	0.0	0.0	0.0	0.0	0.0019991273141342445	0.0	0.0	0.0	0.0
EQPAC1	471.91884731005405	126.54089982948828	256.15305537330215	209.65963041352487	209.35632364434832	50.00364902168495	135.61126949645674	0.007891237643660275	0.0639812084746479	0.0	0.02751202126241132	0.4032369286088567	7.188962649978801	13.14254057649237	9.794681670813958	0.0	231.86986963685908	206.45875035062247	14.331642624771527	0.5139097264935089	0.13221258010870074	1.9682048548739262	122.5641857849747	0.0	0.0
GP2	0.010310640593859388	0.0006186227755596925	0.7995995516630031	1.1672402050956185	0.04918704081935388	0.0	0.0008697059848656293	0.7354163571739087	3.998511071625734	0.0	0.6151810828181915	1.2150958121575115	0.30950355491469733	0.0	0.0	0.0	0.0016592966036040352	0.0017592343283606743	0.07179756883742817	14.393271319154682	0.6890290543002014	11.411801316785882	16.68105571619433	0.0	0.0
JFKN01	0.007280714198289805	0.003446493352839075	0.055907634558120395	0.0775967505143416	0.008844715623861674	0.0015521825205716542	0.001394721730187909	0.7627067036214632	1.385182836036898	0.0007015835953139925	0.10849890526954559	0.39585080816417006	0.03505611620944932	0.0006732078742107218	0.0009386357492566005	0.0	0.002804621436798454	0.0041889186507375045	0.008593422284394891	1.4438786548520361	0.05214423291134099	0.8890373192526266	1.3206571029881915	0.0	0.0
JFKO01	0.06216439983475705	0.027716971343287256	0.4755327503670828	0.6825719116756056	0.07338257034204672	0.011683703006444335	0.005447307122953675	1.4064648249817053	5.370958350416206	0.003970070280731344	0.6821728492767565	1.426937550880537	0.26394155224376303	0.008460021776267703	0.002698157820440429	0.0	0.012713376305757241	0.018560750293618804	0.10189661580174378	11.639832670164596	0.4910644790046496	7.66291533735461	9.249635723402347	0.0	0.0
JFKP01	0.1266618591622174	0.29479223623673223	0.13587847528830546	0.14727467261365038	0.044481776579472145	0.02753016771077418	0.04439433796395573	0.6057741503231169	1.1677163383511187	0.002336448598130841	0.11932292027798214	0.37525035055720196	0.04195429562650228	0.013147085707755655	0.009708501187359813	0.0	0.12235264362610983	0.13875600102491284	0.06507634630047981	1.1247503249727147	0.20715085628645527	0.799469429767002	1.006660296406361	0.0003242341897233202	0.0
JFKQ01	0.06989181131414145	0.010671889415220763	0.08836582887369478	0.0858403415436376	0.019392505191718513	0.0029924995839235437	0.006851536625906401	0.802606310150691	1.4750536591122818	0.001091339485589906	0.12794005156385074	0.5040694071604401	0.031944552268661254	0.0012640849688566804	5.869339473565398e-05	0.0	0.013679305378904803	0.012120539356463898	0.009151197636699505	1.0208779815676765	0.03638566480186397	0.707564766259188	0.9838549586009763	0.0	0.0
JFKR01	0.11579894813847814	0.04201121390696856	0.08956786674905266	0.0874157468367238	0.04742424469507106	0.015218040188552462	0.02373331975449889	0.7021898165765216	1.2096120427883121	0.003501084030097971	0.10354174981248887	0.363034346451731	0.021399977940543664	0.010279441460109109	0.01774443922812747	0.00650537301501708	0.03345996736310576	0.024117806776244866	0.020517964014655086	0.9735144499093679	0.0498331928480924	0.6293171909233995	0.8056669441836823	0.03238014476785481	0.005814569305255373
JFKS01	0.006948831037875591	0.0033151257151715252	0.21917146555857664	0.3239742756883128	0.039456129179101414	0.004579097239081237	0.0012043356081894822	1.1769172891358912	6.041320066283815	0.001830046125717439	0.7327085754723311	1.5377207503409571	0.12951369369558371	0.002372509287402904	0.001633448325687245	0.0	0.0020311521824727986	0.00160789502106059	0.0570262017156655	6.701266640394612	0.2783299615250308	4.231049899849982	5.375767476786143	0.0	0.0
JFKT01	0.028384638195559864	0.007926051937468655	0.034297520418806585	0.05446846804428564	0.007930531509067267	0.0008827302390364201	0.004985569097886274	0.7462293389625984	1.6201561173787724	0.0024957122305509305	0.0845993937429761	0.5811294720077047	0.02312505926665632	0.0024875621890547263	0.0	0.0	0.01093394893950684	0.00678729238041143	0.003293753319824759	1.1551311643004365	0.027372815491942572	0.6754097468980133	0.9446901660315808	0.0	0.0
JFKU01	0.03245886170605344	0.00862072952740811	0.11007472815687193	0.15887397295880942	0.02253363516649276	0.0041775613492343955	0.00262931535733237	0.6775873633742903	2.2599019791492987	0.0008394544048749119	0.21385869164965374	0.49810744156908016	0.048431598358652815	0.0014608531027687382	0.0013941318866330164	0.0	0.008804988656911462	0.007143661547282196	0.02158033705017577	2.9922350320809175	0.08597815831531647	1.797474023932688	2.5169736169218	0.0014698227026364945	0.0025721897296138653
JFKV01	0.002393445523874477	0.0064069650884028915	0.09512556264229502	0.13284358199861093	0.014180376202247755	0.003174864256950269	0.0	0.8057240635653274	3.528982015205069	0.0	0.28261706919177165	0.9976514259661036	0.06084241729192555	0.0	0.0	0.0	0.0	0.0005747765787814736	0.02754906044582875	3.168637807771238	0.08067270233606945	2.3607893913845115	3.1602634551145177	0.0	0.0
JFKW01	0.02379711285161269	0.005907961198497513	0.04523405590770129	0.05393359529204294	0.014668890461313496	0.0007131361753877973	0.001966923852191705	0.6697005627336616	1.3459592653380374	0.00024482293197585896	0.10274479730261145	0.45483463781954586	0.02000346525029888	0.000670918276212401	0.0006033945811273747	0.0	0.002346425897947341	0.00115159444535692	0.008737742903614011	1.1584901902901674	0.038578983255634074	0.7115586666349738	1.0458941077405735	0.0	0.0
JFKX01	0.041848106443671595	0.015422098426207866	0.06570529407215704	0.0701056094213794	0.024111190993631928	0.009369523210353661	0.005369375947564884	0.7970170672976101	1.6040671989252269	0.0	0.09827614676689073	0.444465662262563	0.022754346269938587	0.0006918215474365207	0.0	0.0	0.02277732997425412	0.006121684818798692	0.012635991093032211	1.2581759236792094	0.029098968913992985	0.8283185614905344	1.1266162583276835	0.0	0.0
JFKY01	0.025021298550767745	0.0051200734954666895	0.05666059730742037	0.06040487081657163	0.013604676451828996	0.0021982011598625016	0.005435459109580516	0.7158579797496056	1.237041035582222	0.0003432008785942492	0.0692304400808634	0.39933948364216715	0.016867849019254085	0.000927190352651987	0.0	0.0	0.007410036649663677	0.0021029662286245923	0.008218956524815892	0.9790934695409682	0.0372648214646301	0.5547604187598162	0.8210105810704909	0.0	0.0
JFKZ01	0.04256068166664434	0.01221794246265697	0.07853988098356379	0.07439042282317239	0.01973167524951622	0.0034676551683510003	0.01462172828405078	0.7185080039436573	1.5543745384564216	0.0006071391186014864	0.10466536029075083	0.5234562169231727	0.025216326539598745	0.0026009269277762156	0.0005294006428436378	0.0	0.019235167835947177	0.018280995899304354	0.020019501826427262	1.2167155230483153	0.05709841533127715	0.7322932096157182	1.0076859839857686	0.0	0.0
JFLA01	1.7811869995600365	0.414455390642975	1.7682258044239825	1.8192935889389672	0.8394834327246342	0.17887416348559723	0.4768937120756347	2.9482433423039818	11.400913179189418	0.002501448808289064	1.6682319112806971	3.0832933903400184	0.5433011004885415	0.03380707237232431	0.013444908661014388	0.0	0.1558696187487507	0.1394270911302035	0.05691515398961715	13.506026390593679	0.5359323126358807	9.112330826531354	19.441893918502203	0.0	0.0
JFLB01	0.12327896387541629	0.030679837326176716	0.08988437651085136	0.10283347831987726	0.04195117882192171	0.008875634352079404	0.023557139109441474	0.7205764486247985	1.5635156078727839	0.00029555395790966624	0.08966807413439964	0.5039755045082993	0.02264205430149903	0.0049363838040621145	0.0007042253521126761	0.0	0.04284494511859684	0.042426775548952064	0.01695465341136025	1.1227548815649788	0.029999348805681888	0.6703237219949532	0.9447023476830754	0.0012585022435536563	0.0
JFLC01	0.06944983095732482	0.029051836464728475	0.04927517581363389	0.04263095008193558	0.03227478726411146	0.009869353205091084	0.023628944930074707	0.5413907647609089	1.1616357334368486	0.002237233061181173	0.057921064592617956	0.3845743052510653	0.015443611837989653	0.0021544636662277163	0.0007667473769168684	0.0002507716049382716	0.02967756366131631	0.029230867092628305	0.012235436380187457	0.6911172888411418	0.022199050031508925	0.44045150005379846	0.6418734580600826	0.0002979553403282217	0.000816253839891261
JFLD01	0.019621946638861364	0.004496538881698716	0.04714535639205292	0.09462989470019227	0.014583590039312776	0.00021581908625519172	0.0018836688255701641	0.49888897919230213	1.775873928843983	1.1841606669192876e-05	0.13304563982555115	0.4054094568536781	0.02459992120328799	0.00021038587848932677	0.0017397702392935724	0.0	0.0038597209397609844	0.002798071440687812	0.01060562648311648	2.1016099233067016	0.04330722258450423	1.215808979402288	1.675813532858214	0.0	0.0
JFLE01	0.27267674118934504	0.06171722070516575	1.135164396744627	1.6272835558258456	0.2243706184307694	0.02722114770581752	0.0419687126969854	13.543626993852556	23.603640938152427	0.012786062816354377	2.5999595489303418	12.777281889320518	0.6074424164923269	0.018062149538955324	0.006957037607754744	0.0	0.05826819163637787	0.048043069883811344	0.20630396625439998	24.310718911338878	0.6259874527116683	9.338509159604468	15.177477435183203	0.0	0.0
JFLF01	0.006629185174178566	0.006793478478702142	0.03149701249845755	0.030981481469570717	0.006774849477275601	0.0014974759529846767	0.0011003298364160345	0.518342892414699	1.1275843700512858	0.00367669370211976	0.070918887724985	0.36018343256779606	0.010016870305165746	0.0006397732222835064	0.0005890206549909684	0.0	0.002215201665192441	0.0006282886986570329	0.011423815212356272	0.8714883690474644	0.02669758119369248	0.5065685972701618	0.7019803338389762	0.0	0.0024084400115186263
JFLG01	0.1372213668288172	0.029800726833206836	0.35639265263201486	0.5129630259852856	0.0732935035340128	0.009399255930696283	0.04320581313988019	1.6849676549537933	8.852833492705939	0.026134178722093167	0.8248619051302548	1.8055833625916133	0.16004917095680737	0.002189093008816687	0.0037246616363991614	0.003403141361256545	0.06702518872860526	0.06555475944313098	0.0437185953391116	8.49319821006278	0.30983442892128826	6.147034737821961	7.558897725028874	0.0013544274982927385	0.0005463236967903482
JFLH01	0.006413341295076087	0.003412253371813452	0.04555730290774123	0.0548320170543974	0.005447659122075431	0.0005987269175017332	0.000623799134353732	0.6723241793232911	1.4107089936731925	0.0	0.10522415436197556	0.4051352080405868	0.01668805506085573	0.0	0.00047776374178084413	0.0	0.0006922952472307773	0.0	0.0019763522525754348	1.179223462884968	0.0404225009652928	0.7458970486174831	1.0128596600865443	0.0	0.0
JFLI01	0.05388337738966439	0.007774759273318631	0.056943817925053625	0.06269651678599897	0.026506667555054698	0.002782624220740963	0.0042698770000365455	0.6716979226230779	1.2976365714386826	0.0009708832408218909	0.10439858025247946	0.36278823725848774	0.023443009461249463	0.0032700372901274984	0.0014668547656552016	0.0	0.007447420714861799	0.006029346118830291	0.016213025665586998	1.259500901732233	0.038171986159128875	0.7660208605834924	0.9673550479614945	0.0	0.0
JFLJ01	0.5756986044963325	0.2944143959168339	1.8488842112346089	2.564017686366474	0.410679314302142	0.08671983978477726	0.09776763942494685	0.3174148278986182	2.4176136892184563	0.002840099298444154	0.6333336740348577	1.2443691426546852	0.7027650483258572	0.021250683151454546	0.009052450372755736	0.013897102306327616	0.22418278873791486	0.18659296889970456	0.20003352902992588	5.507217621369409	0.651206351963087	4.748893657771901	10.765568301266587	0.0014044943820224719	0.0
JFLK01	0.0852495267978113	0.036377489860773805	0.42477012584419654	0.5617722194637492	0.08027123795554642	0.01797208771216143	0.02368391152348047	1.595219370524031	6.778447502802075	0.006743350383125023	1.00762692944288	1.841007539803896	0.2396379014112509	0.0071747352159299	0.005945030681205215	0.001607717041800643	0.034590053326220414	0.0289412361475364	0.04470317657592137	7.33627763378231	0.24454657130597693	4.872941665780471	10.178364461538175	0.00343508920132148	0.0026740495783213005
JFLL01	0.1970571892157397	0.06702872095901923	0.19009616915766797	0.19286150735217258	0.09791738611377312	0.02325059744155409	0.038005712061293065	0.7626489560023696	2.796258397517969	0.0031611466984657432	0.2422488258027843	0.8067601290822549	0.06486544337939013	0.004858773045573553	0.004230182542436201	0.0	0.05210483994959096	0.06903598122949343	0.05543112112547527	2.4969203480115367	0.09408223220546182	1.6357753790307141	2.497997428085061	0.0	0.0
JFLM01	0.07426062973318671	0.01916657888414967	0.057506791263483875	0.042923336517398235	0.021625071948622603	0.0072880839452245895	0.01805423257890383	0.8888328186950718	1.374494680379658	0.0006622349565349495	0.07891467256925955	0.4364468081645509	0.011389102800769543	0.0005373957335451763	0.0016056492788672292	0.0	0.02659888459353901	0.015064913730185278	0.011961653256170166	0.9759392152863285	0.023769427697874074	0.5745968220487082	0.7723134147082813	0.0	3.402934690877413e-06
JFLN01	0.06284067702981991	0.016030308861366676	0.07518940860244863	0.0850840940919835	0.05443149923674877	0.005177223637366954	0.03655100908460294	0.8718106482124366	1.7311845668280648	0.0	0.10557047022083371	0.572763054967114	0.01771972782620218	0.0	0.0017236342389716623	0.0	0.029017868133850377	0.029388072194085957	0.010469556390412865	1.0162770729448931	0.031603057108739244	0.5815061997267937	0.9344944350625598	0.0	0.0002558715794009912
JFLO01	0.12557365247375177	0.04993604777898705	0.1756798429587221	0.1809095558412774	0.06846450192312295	0.010900316873216222	0.04952461185650203	0.9561808624998709	2.921969917930491	0.006958069078797281	0.2629282601988	0.9829845757574983	0.07234050641544766	0.017818166215470336	0.006464589952761193	0.0	0.059626633312069	0.05830470248541162	0.04446870981370333	2.4259756178893674	0.07801022878295297	1.8569170663283714	2.5757233705459437	0.00018241167434715822	0.0
JFLP01	0.08161262140058301	0.01872878198446098	0.08910181872106314	0.08868722111797196	0.04979194201432041	0.005999507985764769	0.014911101007706751	0.9519353922686505	1.8269200632399782	0.0002744655545729011	0.1117735293348639	0.5477486980147956	0.020523718272882137	0.0007148942808457532	0.0	0.0	0.036178047753324984	0.027651396632948425	0.010620391299441019	1.302247283790491	0.030206546995861606	0.864066057664484	1.1723155455563095	0.0002767693931670142	0.0005342292937874926
JFLQ01	0.01532850223637584	0.0014772781502349586	0.07718985809758967	0.08713664924287798	0.015454017542548968	0.00025475992283705934	0.0026098441029543218	0.8785730581319575	3.124764525364847	0.0004258624817687421	0.23339825076970885	1.0152524873603253	0.031190559673531647	0.0015306377512567051	0.0	0.0	0.008543869305424884	0.004718124161354053	0.016514030996524123	2.3470930061872486	0.04423448981931534	1.6302891636091235	2.405001559958087	0.0	0.0
JFLR01	0.05048401655007311	0.008041873077552343	0.10016562153640679	0.0966058741975476	0.030746079919502938	0.008241131877584067	0.010269150513221043	0.6110240075686649	1.375300115386301	0.0019227075330089595	0.11343061025257194	0.4143340491351625	0.03629646279311476	0.0009491231714113891	0.0010762673933885538	0.0	0.02621874546350059	0.017074740057644328	0.019127751265428924	1.2406408945192988	0.05051941232265733	0.8660208377166356	1.078353014452161	0.0	0.0
JFLS01	0.008993941725164833	0.0009829210685494527	0.027695730303105504	0.032224437961416184	0.00986586463704946	4.7756676631479716e-05	0.0033405738503345488	0.8485727569785049	1.362165982411793	0.0	0.06402814624840164	0.3756298876032674	0.011984001188580284	0.0005662891405729514	0.0	0.0	0.004223420842654641	0.001780408026175048	0.0062584716574257925	0.9077393633100362	0.010217137786342638	0.5314034411859503	0.8000922971372999	0.0	0.0
JFLT01	0.20581227793815648	0.07597361543391216	0.6922995052195016	0.8328342576504075	0.1826348158228169	0.03819443059234411	0.04950977567322718	1.712850011007311	7.37477256851314	0.006549340546671275	0.9781731060525546	1.8491280700693806	0.30128757603715733	0.010112207143219594	0.0016276547563763514	0.0	0.020332242993566417	0.018389144295385927	0.06977515238489042	12.304832371973037	0.48503858275617	7.835244735415682	11.466646158547253	0.0	0.0
JFLU01	0.35803746404971615	0.11599919880466403	0.5566357807515573	0.6810596210440335	0.18603332969180633	0.042660133879875384	0.08148707491762736	1.165802881762901	4.665008998139904	0.0035657630947902945	0.588834541387146	1.0956541708979082	0.21327025311844483	0.005007457826185025	0.0023067808990981124	0.0	0.027874321582947552	0.016096886529255637	0.06642414947959757	9.073953012436428	0.34949888504738386	5.889396640387406	8.105203246241471	0.00048137034258564644	0.0
JFLV01	0.3102536981722593	0.1599335904405255	0.9985006344245732	2.1901016722736295	1.392968552716944	0.1353412260050327	0.17754441464218793	0.8676775535593056	1.5228969538309565	0.011423031904786921	0.13845399907497635	0.43703303276290645	0.17409286164140864	0.09330612938789974	0.03846445602606993	0.0	0.16884645410970314	0.1258714577687431	0.03678009109119413	6.136178449046832	0.30245145984727606	2.183110470255622	3.0907594573259862	0.0	0.0
JFLW01	0.048569341667991206	0.010031346613061145	0.021246985287593282	0.02367752306984065	0.004101032573716728	0.0	0.0037598746712124626	0.8555429145720452	1.7511925124467833	0.0	0.08406066680340425	0.593081266257797	0.01145899827894838	0.0	0.0	0.0	0.0075594266016389	0.007043635871781817	0.004943479162691421	0.8097183784520812	0.01373602340647801	0.4627749965790421	0.6598822257826354	0.0	0.0
JFLX01	0.5619146113355504	0.14024559131671516	0.4859206640363876	0.47024201971989044	0.25020549482640336	0.060924316912097744	0.12671007204881737	1.2286535480995235	4.416177318351653	0.002892904853142209	0.4258898758154029	1.312103828095414	0.096267337529711	0.008711883543721861	0.0045567995716805235	0.0	0.05536907176279569	0.04756811887768711	0.024894981522742655	3.0067114208797925	0.06958296998130542	2.0296111077109127	3.2590046434778905	0.0	0.0
JFLY01	0.05557985494891485	0.019154501805638685	0.06684040049947117	0.0669663099492173	0.029815936674333535	0.006708236207170446	0.021828617486900678	0.5902559301358826	1.2819768909829585	0.0003397304867893103	0.0771329414216239	0.42915202523425944	0.023187501737686526	0.003463188530413133	0.0009545636191817052	0.0003532944709415298	0.030945678780084092	0.023839199519768085	0.008928585452601194	0.647869269484848	0.017054938337623365	0.4006623750711932	0.5393854970769051	0.0016229464758876523	0.011029411764705881
JFLZ01	0.06509708617863388	0.018551539183813803	0.27134419372422686	0.38995400369035754	0.04593156336924116	0.014295501945829733	0.00898804574517476	1.1452627184266133	5.778699026993321	0.010842402660960763	0.5595215845506972	1.2131675795868044	0.13932853212286087	0.02097122918002779	0.02626458928663181	0.0	0.12091312702436284	0.12224173296981945	0.054509090918118015	6.98068813640663	0.27203736403332546	4.825372640332741	6.109067335503549	0.0058091985327476834	0.003463875124695416
JFMA01	0.07096042049447854	0.00946088296134262	0.03708711365068705	0.04222319832402797	0.010529284697915857	0.001324381622318214	0.007371289685089595	0.5879350291317791	1.0706461269096137	0.0006228416118219439	0.08512294735604163	0.31639637594843084	0.009665838003017284	0.0004162574893246091	0.0016981247327591473	0.0	0.017847305948475473	0.01625351395109388	0.0054272562298440345	0.8273194686169596	0.02311593655454194	0.5242784793796742	0.7246647401034443	0.00010598323537913093	0.0
JFMB01	0.11029640731569902	0.024694838375927144	0.29344351718494377	0.39976431526922906	0.062445147023769354	0.023854979484637016	0.0222083343620933	1.0482836016601518	4.8438795546093365	0.052827706773776656	0.6511590878615162	0.9320702544409762	0.17344076820325705	0.05343170823816605	0.07233048017968798	0.0	0.32088374714125967	0.31076416981359123	0.04048756196425089	7.999372347808894	0.3876377264418373	5.316974756382228	7.460913830803403	0.09102774236629636	0.09606629029320707
JFMC01	0.17591734004764292	0.046376126439853026	0.16356502057920586	0.1673144517954509	0.08255975156995923	0.01683887882132516	0.04467574073873958	0.816095194429226	2.9024839335910837	0.0001541683261173992	0.21731172467339432	0.9139349702210192	0.024678200796106095	0.0021990343649506325	0.0007200743610734051	0.0	0.038357868780332836	0.027127579973166383	0.02309160567139643	2.303287794386417	0.07307618180817743	1.5795706683993609	2.2212986191825923	0.0007865206421163101	1.3938642097486864e-05
JFMD01	0.136766903822263	0.02735266919018954	0.09228319030429354	0.10198408149804444	0.04163221696025371	0.010294627525940198	0.037735632554098515	0.6687314036010717	1.6277851064735511	0.000325051942657582	0.12636638669573452	0.4599248653683015	0.019675909151672673	0.005205120230665499	0.0028121368324438376	0.0	0.058593669214787654	0.03698814115928988	0.017232983306701075	1.0970464464684624	0.034830255598723936	0.6530625524929553	0.9380199243823659	0.0	0.0
JFME01	0.036757106620911126	0.007870362636505172	0.07281986726518867	0.10008867927139876	0.022171889163431907	0.0019847554755785934	0.00405584989562634	0.6161227481605799	2.0630665827296184	0.0	0.17841479105157507	0.5352937174582026	0.03247774889437932	0.0003465003465003465	0.0013538128292226654	0.0	0.010048885400959048	0.012392130631675397	0.012469441444312302	2.4404628810465976	0.056501154848242904	1.3296868575972525	1.7566844729973323	0.0	0.0
JFMF01	0.10040274768688946	0.0355801811074941	0.8114711251253875	1.0079477973716966	0.12961486999095792	0.020485902802866524	0.005296640317951881	1.904043490057244	7.5272850908657265	0.006619947127084635	1.081242845917661	2.019552975174802	0.45237484251836085	0.010733081735895324	0.007616984704634554	0.0010834236186348862	0.014008712725225147	0.01023066713581533	0.17138326713853744	16.160877630326002	0.6475615918488546	11.080671542467783	16.32874079000317	0.0017928906220487772	0.0
JFMG01	0.08405320551330828	0.01950795107149674	0.06379490728270235	0.06657895415575711	0.024817095292117796	0.0038742060122276233	0.013412391908972253	0.7714602708247538	1.7408567396407222	0.0004341144929744421	0.13137897471264523	0.495106861637456	0.025735724207116388	0.0017562022264288595	0.0009261083743842364	0.0	0.054115793206122885	0.037279683812587755	0.016120045299443893	1.4439808501768283	0.03410256582397345	0.8594461555462429	1.1354217352123008	0.000552460752267391	0.0010934119055292114
JFMH01	0.2171849451788027	0.06418066102818416	0.660607479623926	0.9088057835258673	0.3560137035348539	0.058117838583728876	0.06481849559499957	6.705713634028344	11.087964845170635	0.06754799825444896	1.4631355084316193	6.1349073042103095	0.45739078456476473	0.01961843105160432	0.0075284761225966595	0.0	0.1796772555318697	0.15873406762495232	0.1114468641982468	11.136597515521906	0.33221419807417785	4.421604079923344	7.194266244263409	0.00017614108915366396	0.0
JFMI01	0.02734512005475074	0.00621316738320392	0.11396899651551431	0.12349724603904486	0.03370920580730809	0.004374800928166079	0.0031134555042042944	0.758115220565129	1.6441323328631319	0.0	0.09880750017293836	0.47827814073508806	0.03820936961306587	0.00024565612631463434	0.0	0.0	0.007367053166026609	0.008272467926505989	0.011869819988862461	1.369900757384067	0.036415827425169786	1.0315666225579048	1.8857746924546814	0.0	0.0
JFMJ01	0.05759863979266717	0.01460661538602648	0.11886634587041978	0.1636592058998473	0.03640631750748347	0.007692387035315558	0.025270740364383617	0.8621431839935723	3.03465111165264	0.0019523714299987014	0.2789060038410463	0.9587048874314092	0.05167020128037644	0.0018334215440065213	0.001531079826228298	0.0	0.027514834004552475	0.027973077656966105	0.030081740701394827	2.7072550691320227	0.06944462464014409	1.7442079527423735	2.512613937077362	0.0	0.0
JFMK01	0.02689110927325105	0.0045616366259292225	0.19198342900630208	0.27406390358096355	0.032991436157956404	0.0013499132042883188	0.000961339522223251	0.9564619335574891	4.613828926502454	0.0021055554079735745	0.5569545404196692	0.7914778038518331	0.1074834721604123	0.004329779807405861	0.002312066405830012	0.0	0.006514039969643309	0.0016805801500969727	0.0369707279975065	5.289429025731943	0.17360319449430595	3.3127223299594646	4.552785069138704	0.0	0.0
JFML01	0.04577125990335273	0.012507341432397286	0.7532568748687686	1.0536074770923651	0.0967397829414902	0.014345259083126088	0.005723275468808162	3.2522710868314975	11.66520868866157	0.00687061109025788	1.7877749319176304	3.954620311850867	0.435077078700691	0.008863886908446217	0.006457914477786044	0.0	0.005868094105979923	0.013827006104077296	0.0661383484340211	13.055125814340817	0.5399491552843234	8.64000983489769	20.239384882354305	0.0	0.0
JFMM01	0.17806119287774777	0.036957416075767545	0.13604985919868529	0.14376819998561466	0.07488081540599116	0.011238303682453911	0.019579400693906016	0.6697155850875479	2.291975222328682	0.001263752601843592	0.18203620769341985	0.5112840251461487	0.0459331430733224	0.003140973903685768	0.0007734732311003497	0.0	0.03230024971387423	0.042513011239323356	0.022785032170736918	2.8381300642393192	0.08538278728008461	1.7697268820429766	2.4775294658720934	0.0	0.0
JFMN01	0.2700848890996564	0.08404770646521688	0.5783066602751475	0.6358632154636457	0.1478585460704045	0.03408231017501782	0.06036579369505353	1.5234343000246455	7.37755226967148	0.002345317531002387	0.6911497682430449	1.644790134014759	0.18485113625733074	0.005673914370849646	0.0043095882618172324	0.0	0.15413493043485832	0.12911567187944634	0.054148127648368405	9.604730010232933	0.3374420020104659	6.668769905811972	8.482118104328803	0.0	0.00026374399249794867
JFMO01	0.03923850149378743	0.006439482299058147	0.07226731460941388	0.08783437983110136	0.017140151429741086	0.0013606286771902637	0.006379953291463778	0.6269448439051913	1.9424700994495436	0.0021363566091520294	0.17052371132347086	0.4705786464513703	0.029908236345669116	0.0007976891187952477	0.0006359566957859242	0.0	0.010565400145509359	0.00826491118038959	0.007176446527073146	2.0897334702168315	0.0460740402997187	1.349472517345699	1.9390387307506598	0.0	0.0
JFMP01	0.09352293021961348	0.02305841246342776	0.13010888812371652	0.14539272587824117	0.04990811182238357	0.009486210951348668	0.017230316782276257	0.7216955842877152	2.5123084550717802	0.002526873996081605	0.2447715018756771	0.5667193465734798	0.0697165423777201	0.0036547565508409366	0.0016430566106531716	0.0	0.0318502205634419	0.02304690122481916	0.0210190252992125	2.421737925802899	0.07188244663826318	1.5070168136033948	2.12995735560969	1.1742050631722324e-05	0.0
JFMQ01	0.08840058531380145	0.022955601895639666	0.12291294965673066	0.13118625028502456	0.04249205668848336	0.008804303043683643	0.019727180833443235	0.7331265500632845	1.917549752325487	0.0023049478749880524	0.18783980176610868	0.6098882229206086	0.038931785251492504	0.0033127682037895475	0.0006718765829553001	0.0	0.042014300681685685	0.03459112942286419	0.024913309808957104	1.9462293862501168	0.06814857998581852	1.2920974261894638	1.7603726037736258	0.0	0.0
JFMR01	0.07606277931735232	0.027911828949334215	0.2762626292336709	0.42359743376395703	0.055534116659840704	0.011233285610137356	0.02734131737122504	1.3125666797030093	6.601274611463736	0.0008512854719436073	0.9062198482151927	1.9060973558493397	0.14545202583919042	0.004250698440654709	0.0011321481909717203	0.0	0.02910762300354766	0.03947262021318069	0.039458554176872745	7.278922200046946	0.25878162909160457	4.863438574295628	6.401065645152665	0.0	0.0
JFMS01	0.027553826210263612	0.003667750274002301	0.06397809832580106	0.07212254704494163	0.01940417470653491	0.0016662863606706204	0.007583863443794064	0.5448976550241165	1.1204730443369701	0.0014245014245014246	0.08183011618754958	0.3964230630236989	0.016328328585437774	0.0008548170520001505	0.0	0.0	0.008606976863075103	0.004556272917771207	0.010953732078224284	1.0544161002031598	0.032952716033650194	0.6673732712700198	0.8120674404955547	0.0	0.0
JFMT01	0.03293031771878423	0.010614902207037782	0.04208167338393017	0.050646908336761075	0.013656288385264627	0.004372552129302736	0.010023462361513974	0.592676640592389	1.2796565979033117	0.0001490376426503151	0.07386696598122063	0.3964428043736282	0.009421544660202324	0.0007037398747630263	0.0	0.0	0.016914788996372724	0.01117212543818052	0.007723192707030214	0.9065697023897643	0.025312190151434443	0.5042873349101192	0.6350656575481964	0.0	0.0
JFMU01	0.03704857070950311	0.005284834450774457	0.02952401870579993	0.051717513422256264	0.007732520773966096	0.0025164032695483	0.006818776404875883	0.8387248190798942	1.3646695612520607	0.0011600573923130934	0.09056870582644175	0.37965068974746585	0.015325568063990038	0.0	0.0	0.0	0.0	0.002402821377359222	0.005537059109294083	1.145140249214202	0.027080656967159337	0.6911100763128307	0.827007651941611	0.0	0.0
JFMV01	0.07974364441903646	0.019441141606984905	0.09628365762032505	0.13546913801913654	0.03247433759089671	0.00897634412979147	0.014702967631112103	1.0430418674374586	3.5503390848249157	8.787655102112552e-05	0.29770044338389545	1.13763288349285	0.03467919312111361	0.004672560035676987	0.0	0.0	0.026654864118960304	0.026589282989985405	0.010655508593390732	2.6310135580836835	0.057452498678554495	1.7822219371209869	2.395351040350581	0.0003635937133474079	0.0
JFMW01	0.016446589654150703	0.0035597982354869063	0.04838137615762157	0.07632609028598386	0.01193010102377205	0.0005264460230882916	0.005493651229918006	0.4312557454373999	1.4535215096128633	0.0013403284150092425	0.12181507266756941	0.361125439542827	0.03202411583076247	0.002280248216162259	0.0013639712891211644	0.0	0.004137307159102954	0.0029260939754259443	0.010127649510077722	1.8966964405189157	0.046626487634208374	1.1374671734655226	1.4329545822751435	0.0	0.0
JFMX01	0.07842010888155267	0.021488310599635418	0.0983753173423692	0.06493641932680544	0.02720121281648076	0.00377878377072553	0.01959102135729722	0.8508044881483734	1.7956731459554396	1.4313113674748805e-05	0.11213427362058305	0.5843708612069706	0.023509770297902022	0.0034850533004574793	0.005211297133786577	0.0	0.023429081368157356	0.02671031590810824	0.01414566452486073	1.18351725317064	0.022208457295040736	0.7296145072223329	1.1351519689632885	0.0	0.0
JFMY01	0.091079722328304	0.03396178709122613	0.18618470637926715	0.2006693264642752	0.049883426069391536	0.007654390433454908	0.02567474585343496	0.8648853627154606	1.9217476053436422	0.00215973440581926	0.17008223524133553	0.5682189407473265	0.0630982359925325	0.00490328369439524	0.0009083261591622796	0.0	0.03840654552262246	0.02101917090953272	0.022577208464981433	2.600397947920139	0.09386438108391414	1.7505770760781567	2.421017685850058	0.0	0.0
JFMZ01	0.0569326686798845	0.016691876678392656	0.12314161291820751	0.1573628125234718	0.04384902398482543	0.0051289617366067	0.008796661122268163	0.870785697175124	3.5346268809378683	0.0	0.3502229345929064	1.008436418225737	0.0511934707199588	0.0009832057823129252	0.0	0.0	0.02064684370082925	0.009875917811567828	0.012777189236642755	3.242261194067517	0.06257727616909552	2.161955549152509	3.2764221521303143	0.0	0.0
JFNA01	0.07888155549731497	0.03428037114797643	0.12175130901958581	0.14776576620919438	0.05654495907962985	0.012408497866543564	0.01808427018627309	0.6172007545131478	2.097848896934664	0.0	0.18586090764518454	0.7170334793601206	0.04657641120839043	0.002714689908921961	0.002562872730001224	0.0	0.027973006939950588	0.022961129755137286	0.0227331623822069	2.1245735215236645	0.06358638200584929	1.4399913934574382	2.1017699306599122	0.0	2.7999962666716444e-05
JFNC01	0.06312543439730002	0.019332163203858395	0.041024760432050285	0.038354530696786446	0.01741349669226288	0.00560866525473795	0.011920225650793198	0.5319921008592696	1.0942824979064494	0.0008197343453510437	0.07468914709451606	0.3559339436552706	0.017801931027809133	0.003079584775086505	0.0008141005035894138	0.0	0.023185479021535612	0.010018785346999404	0.006947981703240995	0.657857168150235	0.025205946149371886	0.4721277148404672	0.5799271520634336	0.0	0.0
JFND01	0.2937164183102011	0.0846254100939405	0.48592807540591143	0.5771843673262055	0.14881009099962259	0.028326749887507368	0.06040960763382807	1.3042202867133679	6.5989059087163495	0.00020053753007474173	1.0008861894717034	1.882838100198997	0.20521250064586105	0.004985362797034942	0.003244171616934797	0.0	0.08787588290137092	0.06383974695008483	0.06406564040383962	7.887183853847588	0.28287858012075645	5.691849530305696	7.899229396592001	0.0	0.0
JFNE01	0.03550051416513605	0.009159358650249545	0.10239950087528164	0.1545132397942948	0.02198351528017781	0.0013141942586786378	0.004358040536756275	0.8236628764036934	2.830519470867078	0.004247972726660188	0.2660116528005782	0.8156721872409225	0.06935835310802634	0.002729894340793653	0.0017277986004289707	0.0	0.011085789700175878	0.006911272172136865	0.013951603740652622	2.7192834126807846	0.10285994094368534	1.8756799853964954	2.370246512790076	0.0006169283768144862	0.00040034854728016083
JFNF01	0.016253228408985278	0.001345493484385175	0.029277174723840317	0.03448240404085546	0.006754509608373433	0.0006830601092896175	0.0	0.7201710292477586	1.0948198059807233	0.0002493299258243471	0.07762835734966657	0.33488553569489704	0.018328276395532632	0.0005136612021857923	0.0006720336504310765	0.0	0.00138595505914808	0.0048698588240719265	0.004696208422897545	0.7123927737114828	0.019289265675622336	0.4219644190583808	0.6037391958128208	0.0	0.0
JFNG01	0.026369275671072355	0.009039467325250745	0.25488896863826477	0.3268850890744033	0.03308255900079494	0.0058831478798009144	0.002171693003859787	1.1218606861462013	4.37243521530258	0.0018812733008316605	0.4840851758037091	0.972962778962367	0.1475038936357449	0.007753407445656277	0.002068331842042472	0.0	0.00684381330284826	0.004834423693885203	0.04814409282296235	7.022524181306003	0.2354850239676278	4.23788879953816	5.695422938444666	0.0003442188879082083	0.0
JFNH01	1.0715902841337188	0.2911229220138714	1.3463194849355757	1.414618531862502	0.6012679395380389	0.127114802578117	0.3136171289739424	1.7855094903548883	7.62782789684018	0.0027683918237410565	1.121081820240667	2.386392398351132	0.35365617103040736	0.03921605791311749	0.0264990279234213	0.0	0.5612186074421136	0.48712136567158903	0.13249912648469792	14.707996939741124	0.5962367644559919	10.374838508076511	13.296881885714715	0.0005701754385964912	0.0
JFNI01	0.04974934216169114	0.008875973434781902	0.30065424514777717	0.3773719826799512	0.03558733595712468	0.00728607221409456	0.007413793103448276	1.47535232447588	7.256901210792021	0.0	0.6725162092212263	1.4923870587434132	0.1772448955977722	0.001991839908011133	0.0014013928996093087	0.0	0.0003457495851004979	0.0	0.06648698174792532	9.098167712095778	0.3089684452902716	6.711011141628834	7.247015611093024	0.0	0.0
JFNJ01	0.054746226989460786	0.02040657735525648	0.2327710009003816	0.2973689504969101	0.04508611070637824	0.004944514105588974	0.013121291251826412	1.2111573145602283	3.28840761430584	0.0017757619158701404	0.38926459555895926	0.9499877719565146	0.12645492507918368	0.0029864405257545167	0.0020102657775521995	0.0	0.016423614174844354	0.005328439037253347	0.0528808330293932	4.995615505080555	0.20620241349896803	3.251123737432147	4.736003345112473	0.0	0.0
JFNK01	0.0316027394562994	0.007628301321060889	0.057657552354426905	0.05585979115228203	0.016896353809407506	0.0022224584977972505	0.007264218372351316	0.750074748262963	1.3491165991482659	0.0011312757395637008	0.09373881928986619	0.48530684509294825	0.02497790292102454	0.0012145124107360867	0.00037260522671199957	0.0	0.01486863995970496	0.008656757257069145	0.007492206324659314	0.8175219795590827	0.027217447758857236	0.4876061621709169	0.7713326824651638	4.061078622482131e-05	4.64123271140815e-05
JFNL01	1.150685005882664	0.26724343957677726	0.3401054909676868	0.3390831023626446	0.4950138580009421	0.1583652849231309	0.07593537443184177	1.316465974567335	1.5020410146117344	0.0034907985283671675	0.10361051696331271	0.4861993604938375	0.03752431680924701	0.00835177831448372	0.005154897197071248	0.0	0.07324752333624251	0.05210264997926431	0.012356549876620696	1.9306722521068294	0.06846062871299612	0.8863553793036156	1.201167750761471	0.0007568837322167502	0.0
JFNM01	0.08168951251193149	0.02423041473576602	0.17947312825395778	0.21458773289863833	0.056247505319423935	0.005745968326995147	0.02198096209532405	1.0606172985886124	3.898933112878203	0.0014523143266606878	0.422902679821027	1.182762621156641	0.07901686346759468	0.0019991174419216394	0.0034265077181379285	0.0	0.0322019711293512	0.032375137920625886	0.03719808656971588	3.4195688800803854	0.12506939984109375	2.715700704128582	3.6040449776413235	0.0005061605061605062	0.0
JFNN01	0.13502106425687704	0.019009607095545295	0.15118919167953587	0.1787066847268839	0.04274217071596636	0.009309103229441115	0.012550032415511085	0.9319871696984153	3.267356270590325	0.003315257890704501	0.2783717178006986	0.7245207428475814	0.06020873824674378	0.0037410363641284584	0.005273800764404112	0.0	0.032823972848273875	0.027330036681512286	0.012799370058390595	3.8259135382898597	0.1139880374374311	2.287657830046462	2.6402393605693746	0.0	0.0
JFNO01	0.034253295792688494	0.007307278948021608	0.051913673545535145	0.06762765155797787	0.02108609316625308	0.0012388718390950364	0.005332913677068697	0.6014475762840411	1.2197410131696365	0.0006068802885282286	0.08845250521633957	0.41220425124060933	0.017598082271914717	0.0028277153558052435	0.00042494958225295303	0.0	0.016885926799909363	0.004862450624008869	0.008630651680037623	0.9197197236737198	0.023425575828600175	0.5797159107520982	0.9078959305252555	0.0	0.0
JFNP01	0.1815380983427048	0.060172636047512995	0.8087686024000348	1.0499157686667653	0.14587333324892188	0.02014845008328283	0.04111669186149169	2.3785751814535363	10.02913985392423	0.006081602845917532	1.473504576442761	2.757289060141619	0.45941216364259835	0.013485691645121265	0.0011418753886068198	0.0	0.08415914956684763	0.057518425267652135	0.10466409522730913	13.601123533579138	0.5404110109456056	9.557087666423783	18.000172307694097	0.0017296986964859423	0.0028509193414055995
JFNQ01	0.2415811788407189	0.038882165128400197	0.4177620638989656	0.5063936645172081	0.09647978371555409	0.01777300069268789	0.025458522948262157	1.340702466354284	3.9046549666388404	0.001533711351670065	0.4906397150734882	1.0765910838170505	0.18411762886809258	0.008069352634184632	0.0015614979062513051	0.0	0.052782866756194216	0.03630878634860182	0.0706762484467491	7.193103465473202	0.31245592627085406	4.80196100054327	6.4296215242996455	0.0008734578010699857	0.0018607218532433539
JFNR01	0.06589525383114415	0.0281664589226051	0.060323844109245565	0.0676622809601734	0.03786228150882315	0.014025330594715921	0.027344867476833574	0.62268316903838	1.380057479362412	0.0009179170344218888	0.10241384693305133	0.416463788323127	0.02242364828375051	0.004304207119741101	0.0	0.0	0.025202697138084696	0.019701213546808347	0.020962338934772912	0.9094526136903962	0.03546434273457091	0.5497741135380495	0.8132748492202004	0.00028047464940668827	0.00038246543100912034
JFNS01	0.0644273425870592	0.01966391516308367	0.09697695159559697	0.10083262023832158	0.04314450169636164	0.0038697989828822645	0.022121202940562714	0.7045270339527564	1.4568746303422733	0.0003003704568968394	0.13150288860808607	0.4574468020832609	0.03311702044917134	0.001212616155493945	0.0003455522888590543	0.0	0.026908724366805643	0.013379848126338235	0.019803466514440496	1.0987920932176152	0.05160698019844742	0.717820841821441	1.0633903114013583	0.00031173299871360813	0.000911861299672934
JFNT01	0.05533257038138015	0.012378861100719037	0.11762355637966712	0.15636987847834782	0.03725853030715716	0.008585572067205338	0.016434560321285315	0.7441708745506372	2.49375894611115	0.0005952380952380952	0.22137387986296125	0.6199687347563191	0.04974847673832833	0.0024750288457681467	0.0020670739441085695	0.0	0.007865734169160704	0.01481214821930462	0.01920945128254393	3.619895969022242	0.09364717250092684	2.3202086681397467	3.350267187702915	0.0001728110599078341	0.00010944700460829493
JFNU01	0.3734230641329154	0.15868188249727966	1.7545778375274628	2.1652949146856537	0.45015077586783164	0.05708489969359636	0.09296735751433934	1.7809830103437494	4.419404234407471	0.0018708420322821888	0.7079575182274132	2.146019201527767	0.6390196157197255	0.00895607097257772	0.004970783001812424	0.0	0.02106184037722969	0.028499137470668096	0.2878241296653842	16.745572660564044	0.750287536013656	11.247764192832888	22.0229127936659	0.0	0.0
JFNV01	0.004672307301262919	0.0019015706515706518	0.0999727912095859	0.14964384716997461	0.023676511869567075	0.000501336898395722	0.0	0.541549496929472	2.022194845372701	0.0	0.12696262710271017	0.46808605259861175	0.04320308474333939	0.0	0.005099067599067599	0.0	0.0	0.0	0.017759445550748067	2.8039443554832335	0.07545133651966753	1.770370310245135	2.5959036217353	0.0	0.0
JFNW01	0.017643722063387487	0.004726169426154748	0.053466759210590915	0.06158284994544632	0.013848416365127276	0.004298155387734637	0.0014326647564469914	0.7451307483833707	1.4564342253034412	0.0	0.0978418215158536	0.4522242906729367	0.01677457488564279	0.0014174051455606443	0.0	0.0	0.004920745716804248	0.0054212709067902485	0.007018962036174679	1.0998273861136312	0.026723553706889554	0.6459110799759356	0.9432643131070976	0.0	0.0
JFNX01	0.12467213660200079	0.023998631589119277	0.06666894568397402	0.062027752220657845	0.026955234209127824	0.006684086918886782	0.025751912965031723	0.7300561174621882	1.5579725948567997	0.0012693599864794804	0.06049029416855262	0.5311668762207481	0.010579056514766387	0.00069591986259257	7.898639452054647e-05	0.0	0.031341724090194006	0.02692142903211165	0.010975315364075817	0.9775986375457923	0.014104088930319702	0.6020986253923398	0.8468593163555487	9.370314842578712e-05	0.0
JFNY01	0.0872013545964035	0.03127838818448459	0.14790143700743727	0.15774715807266348	0.057724090971590515	0.010516037343266196	0.04855273313870044	0.6259594103761429	2.3543447765847576	0.00038231564094223065	0.22505222179777487	0.6987139295910211	0.05240154383307137	0.0067179782342142655	0.0038479724428323223	0.0	0.061229981712182954	0.042110513942716574	0.020672731340480678	2.0416013562187376	0.060720721465139925	1.3550533636276254	1.9618227332980829	0.00020977554017201594	0.0002860575547800217
JFNZ01	0.07099057457644699	0.019500874349286643	0.092052028798927	0.10824386808288929	0.03547367300582015	0.0027663924602513604	0.016632771502986306	0.8844001614870496	2.114008844284577	0.0028541128747144014	0.15953267563935247	0.5908770738398977	0.02645565726114991	0.0004808388544947685	5.0077720622405974e-05	0.0	0.030075816690475217	0.02760830629791409	0.021313085735808507	1.6027737845199057	0.04497503278339435	0.9742392633516779	1.3689771630496987	0.0	0.0
JFOA01	0.05019839998704371	0.02186194406951065	0.10527857354973555	0.16660027922821802	0.030311402459839733	0.008833325632375441	0.012060353685083777	1.8463771081466325	1.8920101674299235	0.029116467268171988	0.3243144443251002	0.9642850615471837	0.1713584090208655	0.025507236585517037	0.013973664291205175	0.0006550488196761835	0.024377138648703455	0.02080313075283964	0.014028208773908247	1.4294576919775508	0.1499642467554647	1.5558016323635293	1.467991942527096	0.0	0.0
JFOB01	0.06409267338220594	0.026960443901459196	0.1555786865147077	0.18263312710792787	0.05204238710652096	0.008320793886170155	0.016616524663287224	0.7505328729794855	1.8119532292497946	0.003134033911644216	0.2025175172316473	0.5191255287176969	0.06208244207122703	0.003331623419323879	0.0021315233353479076	0.0	0.03679258001778935	0.03175449996967266	0.04703631248725602	2.718581518169986	0.10705952182612732	1.803210733498016	2.3546086515740816	0.0	0.0
JFOC01	0.03398505371799828	0.00610188536649473	0.033677480371715626	0.06705114920016168	0.013911879173448641	0.0017895300580539554	0.005624875746839889	0.5121895093303737	1.157555374567063	0.0016672115070284405	0.08822865617858808	0.36990137440082327	0.019369985469855192	0.0009500365064601928	0.00042518076890539643	0.0	0.006541803728247395	0.004643740111210248	0.005139260435889928	0.9046589530820901	0.02610183563877554	0.6251037382798148	0.8074747006952188	0.0	0.0
JFOD01	0.00925521968206665	0.0005902084293542275	0.01909601713302736	0.019515082659875	0.008517699823963304	6.711769759450171e-05	0.0006190232240437158	0.7176840590112334	1.4930969313734217	0.0	0.05677138571902574	0.5419401319291598	0.0069650343200919	0.0	0.0	0.0	0.0015840747527613528	0.002211430237259395	0.0026173419992926977	0.7866870239652938	0.015177874633481197	0.4345961390157406	0.6669593662100913	0.0004978553921568627	0.0
JFOE01	0.16037304511296105	0.0376903128061092	0.10031916151215324	0.1268491034316486	0.05430580836450266	0.04992211053704725	0.09075182147397007	0.7801700276129232	1.4473550226045662	0.10498336364533548	0.1917888632171481	0.42367819217915664	0.06189313618887513	0.06253666403697021	0.09817716117763595	0.0	0.4556291940802637	0.45760147237202164	0.01703704813491286	1.5305596980864589	0.1917090652510229	0.9379196335018128	1.4446267651231472	0.13757172665623368	0.13412884715701617
LG	8.696753979772848e-05	0.027227175340382888	0.0	0.0	0.0	0.0	0.0	0.0	0.0	0.0	0.0	0.0	0.0	0.0	0.0	0.0	0.004558020595756445	0.0031060658419148988	0.0	0.0	0.002389015596562766	0.0	0.0	0.0	0.0
MED4	444.24943685051795	118.47797404210834	239.66651826748048	195.62078748506877	196.237545653353	46.54858102810006	126.49741301826006	0.0005324763448561843	0.014240034486478375	0.0	0.006084783018851481	0.3436006988201291	6.629382754622234	12.091941861608698	8.940838204123	0.0	217.04810417240284	193.6806393728903	12.65818741144177	0.2591316891909002	0.05019896413804934	1.4147886463436916	112.58903812053593	0.0	0.0
MIT9107	0.026413333477830325	0.011323772638869285	0.5557072853723547	0.766153154208489	0.050026481213789706	0.000917731223569963	6.030126512054224e-07	0.04916174132636488	0.6464535937138487	0.0	0.14173632466258265	0.31145904626277987	0.17103329983093124	0.0	0.0	0.0	0.0013015346864646568	0.00017969777005921587	0.8564031814276539	5.152519296684149	1.242860923735141	3.419558276086006	7.273892400037969	0.0	0.0
MIT9116	0.053933920375505415	0.009360184458956103	0.333230957728318	0.5151886321391674	0.0435462316790772	0.010760519459204398	0.023059209546124327	0.018419249308034447	0.4086509900315397	0.0	0.07285334887885168	0.16394472603292684	0.08490018733662738	0.0	0.0	0.0	0.010691440911438125	0.024244594025777975	0.607963518853317	3.497310753063521	0.8755720566943372	2.279616284754917	4.886875749190969	0.0	0.0
MIT9123	0.03188231083339145	0.01879961033612994	0.45685389963961587	0.6831124945693814	0.045806337238518624	0.0013359619905956113	0.0020076280752959236	0.08074918727567085	0.6986677459625744	0.0	0.13018666353960753	0.30201062301081155	0.13653972879384765	0.0	0.0	0.0	0.002171487050065873	7.490155795240541e-05	0.6801583247725356	4.544181302145364	1.0276548217980803	2.9733374135055737	6.140038823584787	0.0	0.0
MIT9201	0.04111565750576927	0.005126183782898906	1.0898449714568053	1.4920762133640983	0.11540736278248391	0.0	0.00028420891541505435	0.6773633212245344	3.901424873302658	0.0	0.6470743103646506	1.1931471877091886	0.4092414554836383	0.0	0.0	0.0	0.006097156129223184	0.004361801379273774	0.4873665015647821	23.559532742266956	1.353539377260832	13.494049635047336	20.396074887575672	0.0	0.0
MIT9202	0.007036086864824439	0.000772719427335986	0.3446470422151542	0.5175934884628377	0.009313457200757063	0.0	0.0013166321469450046	0.43905133143319575	2.5185851680796336	0.0	0.28469499944330584	0.6446991548216897	0.08593051402037481	0.0	0.0	0.0	0.0006847168474409986	0.0007494413255573118	0.6069395905222724	10.836446498386392	0.5867105223412075	5.970349362800396	8.706513376027488	0.0	0.0
MIT9211	0.0	0.0	0.0	0.0	0.0	0.0057458506003935355	0.0	0.0	0.0	0.0	0.0	0.0	0.0	0.0	0.0	0.0	0.0	0.0	0.0	0.0	0.020085201918175203	0.0	0.0	0.0	0.0
MIT9215	0.04229066144411876	0.002863018228071658	0.3475359953224412	0.5145193368115786	0.016815877113602756	0.0	0.004818534207971526	0.37572735659012785	2.343144935819991	0.0	0.275564962318055	0.5879436965464553	0.08583774893118977	0.0	0.0	0.0	0.004331510610191453	0.003054610810170186	0.5598465442842224	10.176835570700066	0.5530108661266816	5.6543341946181895	8.38192034817974	0.0	0.0
MIT9301	0.13605102820298343	0.03732268259635785	1.0901787619921732	1.5734233119746643	0.10151022494473454	0.015726265714660827	0.022650569213823548	3.1456603562339507	14.156431021734623	0.0	2.2134001767587095	3.7984609018891766	0.646589893172258	0.0	0.0	0.0	0.0016119962696039805	0.00033422761381794654	0.08989388784534875	23.22541183722061	0.9570369110211255	18.34531711858319	31.317120680163853	0.0	0.0
MIT9302	1.0414119489732898	1.0188463538245973	5.946289024503111	7.8418927219300265	0.7540737026173723	0.03853331847095286	0.04834621124657031	0.462513671566282	4.376915120738344	0.0	1.8935708230193786	2.8603296014438917	2.700682692772565	0.0	0.0	0.0	0.027938096366397738	0.015577628425678357	0.4121216617544381	17.02040052423301	1.4374367593471011	14.462717095309047	43.33832578762951	0.0	0.0
MIT9303	0.0006886296775761587	0.0070718226688884275	0.0014087240857265139	0.00013533541373097788	0.0	0.8589339181043544	0.0004211105503805185	0.004663862638633137	0.00013966692602800765	0.0	0.0	0.0006882077231168594	0.0001936770968182946	0.0	0.0	0.0	0.0005671104386044464	0.0005318455393745488	0.0	0.0	0.0	0.0	0.0008249209679297734	0.0	0.0
MIT9311	0.5938426872825434	0.5214488992892768	3.129588171905636	4.377030743561431	0.6735578015555117	0.06252997520190232	0.09199265081187866	0.48180807523763197	3.7124645734536394	0.0036958927564678125	1.290261707341508	2.044315158456477	1.5340077887061248	0.020943392286650937	0.01083710926896494	0.0	0.0945990301579527	0.0517055913428596	0.5070454026325149	17.387970370982508	1.6875237642010585	14.651806458519589	34.98371106318666	7.308262512789459e-05	0.0
MIT9312	0.16116106999730062	0.0764042390474158	1.359454644420237	1.8941350596276867	0.12022649485897394	0.003453550944760362	0.010554403907931713	0.1085940571916161	1.4653676428567435	0.0	0.491697193652899	0.7862236350625803	0.6418912678198069	0.0	0.0	0.0	0.008116586805324328	0.004817329831425368	0.07868321067270014	7.065120991339295	0.498142799045835	6.036657097354459	17.449977673579028	0.0	0.0
MIT9313	0.0	0.0011921653864386944	0.00021738366450273742	6.248214795772637e-05	0.0	0.09371967963255705	0.00013971793399342893	0.00010335365460855037	0.00032103913578711567	0.00016822727882937307	0.0	7.64424018774683e-05	7.635253054101221e-05	0.0	0.0	0.0	0.00010907504363001745	0.00016948583702510405	0.0	0.0	0.0	0.0	7.422851137520917e-05	0.0	0.0
MIT9314	0.17274489141906355	0.04256622560679854	1.5336405899880694	2.116557484935236	0.19547003860917522	0.014519399158929486	0.023165069528057088	3.5665574998808807	15.311608655457881	0.0	2.2340639860480356	3.966274602274241	0.7495330134124772	0.0004190763557120108	0.0	0.0	0.008272921323910198	0.004683178275081719	0.22260432920204262	29.484388892741187	1.3904509909811045	21.347580058393802	29.673962041116116	0.0	0.0
MIT9321	0.0012959180062350505	0.0	0.26515951186639786	0.39863280546686797	0.009024454497036878	0.0	0.0	0.3577662353088168	2.1236222929173505	0.0	0.24395022940683597	0.5346367285197013	0.08206865899971649	0.0	0.0	0.0	0.000324490095889626	0.0001251871579151916	0.02347024882722166	7.250866986027205	0.26091568170324264	4.882182338775335	7.208028269462639	0.0	0.0
MIT9322	0.0010374596028320951	1.3964852288292838e-05	0.3477027943568664	0.5282730782970223	0.019280886642133028	0.0	0.0	0.37989350324004745	2.2427146562679687	0.0	0.2732586375980837	0.5953814730483792	0.10604448564649116	0.0	0.0	0.0	0.0012474618741089558	0.00036781824378489175	0.06118051385946717	8.476147637436231	0.3458795032232987	5.448946442523945	8.085445958514395	0.0	0.0
MIT9401	0.002816106819720834	7.629065843325913e-05	0.1978113240656368	0.2708984759831223	0.00179214249177152	0.0	0.0	0.2987086717538842	1.7943854655482507	0.0	0.192647521434204	0.43347576364939505	0.053501577680613845	0.0	0.0	0.0	0.0	1.0097293027931357e-05	0.011777164957223443	6.039238581223802	0.1903225857906364	3.9863801654967252	5.933622884922584	0.0	0.0
MIT9515	5.570411275023408	2.0268357457839135	6.0853866014289535	5.20129908371566	3.729666776614415	0.9570902245983227	2.876969939481379	0.0	0.004859763003634946	0.0	0.0004096201404921606	0.002197637973351043	0.38386221124285785	0.3491801220422124	0.23581237605959546	0.0	3.518171261181069	3.0302530688342273	2.741778538515652	0.45900609756877553	0.08427462634368635	1.3094038249043816	11.522673395743029	0.0	0.0
NATL1A	12.912981483255173	125.30082034934395	25.631085088493194	22.6300878821652	5.1825808588828615	8.480829534110658	15.451775580953713	0.0	0.00419029847298971	0.0	5.867952678529622	4.244323258600956	4.907127170229515	4.473436325730732	3.1202833794845954	0.0	65.2844688332475	71.97987963803264	45.133988433884774	0.47915516394348895	29.605697275380468	0.0	5.835728295448237	0.0	0.0
NATL2A	12.0748645358263	118.37643658534682	24.292651150111215	21.52006252578888	4.832970388829748	7.935721374589795	14.763311132799952	0.0	0.004590440261530688	0.0	5.4194053507404725	4.037278650353238	4.520123200175106	4.220154702137998	2.93511160809933	0.0	62.16107946905397	68.68361077738516	43.956738903389095	0.4749301702011618	29.58727329406987	0.0	5.193930914425896	0.0	0.0
PAC1	10.664941185110193	103.53230229421722	21.05923127935565	18.54171208812648	4.244882580355608	6.956158280488037	14.356802041873495	0.0023112331734488627	0.02724719560597623	0.00732051678786941	4.262868899197826	3.187666028365416	3.5229788317344584	3.6622213780196575	2.6021170915632426	0.004032570013925422	53.24159410239277	58.89969811052129	39.595628913139564	0.6019531748697794	32.888876012912384	0.013664319975243694	4.2669701296237115	0.00416795605755841	0.004622466346897725
SB	0.09464360509156354	0.014013125173759869	1.5710877257885598	2.215404341834484	0.16100257665689263	0.0033701135730094004	0.0092277222086414	3.791476198041305	14.514298473346923	0.0	2.0197215759992297	3.745186755352629	0.7738347953537508	0.0	0.0	0.0	0.0164941971403957	0.009107790231838461	0.2602935046109442	36.743567993651574	1.7391447992891447	27.12525597500158	31.623147148903236	0.0	0.0
SS2	0.0	0.01686820174347971	0.0	0.0	0.0	0.0	0.0	0.0	0.0	0.0	0.0	0.0	0.0	0.0	0.0	0.0	0.00138540563966665	0.001870889667242143	0.0	0.0	0.000422797646375211	0.0	0.0	0.0	0.0
SS35	0.0	0.0	0.0	0.0	0.0	0.0	0.0	0.0	0.0	0.0	0.0	0.0	0.0	0.0	0.0	0.0	0.0	0.0	0.0	0.0	0.0003531332809754389	0.0	0.0	0.0	0.0
SS51	0.0	0.0	0.0	0.0	0.0	3.900482961293237e-05	0.0	0.0	0.0	0.0	0.0	0.0	0.0	0.0	0.0	0.0	0.0	0.0	0.0	0.0	0.0012376756381655854	0.0	0.0	0.0	0.0
