bins	ANE_004_05M	ANE_004_40M	ANE_150_05M	ANE_150_40M	ANE_151_05M	ANE_151_80M	ANE_152_05M	ANW_141_05M	ANW_142_05M	ANW_145_05M	ANW_146_05M	ANW_148_05M	ANW_149_05M	ASE_66_05M	ASE_66_30M	ASE_67_05M	ASE_68_05M	ASE_68_50M	ASE_70_05M	ASW_72_05M	ASW_72_100M	ASW_76_05M	ASW_78_05M	ASW_82_05M	ASW_82_40M
AG_349_G23	0.5095573797942299	0.24651994669634025	1.9819584223757565	2.553036852081362	0.538813472308846	0.13337327891288941	0.13415285271571298	3.5288875989710733	13.186528419164848	0.057424849701325165	2.3249612519742278	4.239677922175235	1.177169818325693	0.07942222065580558	0.04541578602183904	0.018718380404141477	0.21017177867870085	0.1640081813377315	0.708172858409915	36.478018560557864	1.9718258646683742	28.496235209939062	36.68975152743834	0.06587243660937923	0.09135992856504346
AG_404_D14	1.2356682852023992	0.5430373146394907	4.937204598256191	6.472136900697489	1.365864638951539	0.27105979131340063	0.22716953091171807	5.6377025939611425	21.561215113730892	0.03957495605670361	3.7260067925466736	6.662598172169602	2.3413119975010703	0.12511178397011677	0.08338984423086905	0.002292398718620775	0.43708800190504904	0.3672769995783395	1.5545625931507225	65.02570279114553	3.857342023561519	55.402866186730584	77.9551061372969	0.013301900109032995	0.0024273655705875424
AG_422_K10	1.1546975454043382	0.5275518310498127	3.1418314119904136	3.826545537586303	1.0424678474904512	0.2535507805394556	0.3980097870435752	2.6081489938334856	10.92278493658433	0.06221124916392439	2.1011715131832918	3.6136927510734966	1.4733048551287111	0.13170752645562234	0.08036148823445968	0.017179078954816445	0.5788909660921517	0.46489155939395876	0.8193084009340331	32.97960264810418	2.1206122477704077	26.988468592741036	41.72290366529885	0.07439228509611434	0.08883794611707746
AG_893_K05	0.5660813478741507	0.2813058073904263	2.323694990820949	3.0495534242853175	0.6237667744579312	0.15226961502884737	0.14435668787118514	5.9044851576172865	18.6968153731602	0.07324648286175552	2.7758320524474844	5.524776628281225	1.2930853753515	0.08705384093396895	0.05354869016965378	0.020679527490143824	0.20606915115838306	0.16178419609153064	0.6582079234009081	39.71207295038672	2.0466950333324094	29.65011330146164	37.49250952879174	0.07872563092524877	0.10014391375449458
AH_321_C14	0.6625646719404235	0.4255288395310963	1.6090421610305783	1.951601500973737	0.5725981577942711	0.13568186842403962	0.20932920151227752	0.34627271908024854	2.0265851175668534	0.009963263354507037	0.6003050237004282	0.9756076240580913	0.6915799970477124	0.05580926238657638	0.039079985930723045	0.003092947332407846	0.2999526167921127	0.25140438591542974	0.6727269943802966	9.502013644651509	1.0806799823389939	6.843627494309041	12.944355977386328	0.006277736368727579	0.0071503573132563865
AS9601	0.4665417827688924	0.18052899038533463	1.7417973280927295	2.2507319766608855	0.4537580236698716	0.09092528346615039	0.12804564368790003	4.126913656615003	15.398475728663078	0.027572072462676216	2.370983818359311	4.17881955074146	0.9864079922931448	0.0552005231233774	0.034651510006051205	0.00030833584928642127	0.2322403661076201	0.18971433978121227	0.4978231016948173	33.46378602593506	1.6324020626276354	23.34622909486484	30.382259550896844	0.0042765194671036426	0.002676195729117435
CCMP1375	0.011752533804244585	0.039069833251787305	0.016845699249296634	0.0128204028019715	0.007678566893767504	0.03172301850294655	0.01653919353167328	0.05114220323637039	0.013451695693811626	0.006747961131118676	0.008360174801956194	0.016473354846530404	0.01288368426828932	0.0031963272278957094	0.002959096001494256	0.0024935006346659136	0.030551269413673043	0.02879003751115621	0.02029313533109332	0.007582740883740566	0.1277991884677491	0.007165604987743412	0.018784692784924974	0.008115620707422036	0.006745768514138336
EQPAC1	461.62467261167774	124.85714068938712	251.94602805884048	205.88268837895626	205.90412411972957	49.77800715439464	134.1713895985895	0.14990073882286278	0.4695278400875981	0.06410237136702883	0.36334111920372714	0.810563456152336	7.588392744827072	13.635121584287772	10.190755344458841	0.030760172861969484	228.29710087561557	203.53316646298393	15.18339713205042	1.7136040682089675	0.5319319366579052	3.5067023504939736	123.76379624962836	0.08491564041921054	0.11620310748455613
GP2	0.5948250891221536	0.266889280000794	1.9183662619313588	2.423855529147632	0.5842844185724675	0.1279297680921743	0.14229645351871809	2.0049929064073484	8.182475569167215	0.019198251428135152	1.4933617772539234	2.577639309804629	0.9368365700581888	0.05460748510516987	0.03394284930450646	0.002596156967925951	0.22583251881608993	0.18646382506878745	0.5090186899747091	24.496522937034012	1.436073758698262	20.08920294816664	28.60935794634681	0.007617027149486768	0.004559622275544535
JFKN01	0.052140399974828146	0.02050851248401733	0.14137952845505405	0.16698500361404195	0.03628458489201423	0.008413218694016148	0.012499587866004436	0.925927769633626	1.759067389663629	0.002754560837697093	0.22577468595237363	0.5786665841246503	0.08011351333971457	0.0036831909782087382	0.0019499051462255393	0.0	0.01848833451562692	0.020284888101440066	0.028419454557338356	2.1252121818469236	0.10331216714938023	1.359226103664439	1.9116868192743184	0.00039051852414352466	1.0874063700049827e-05
JFKO01	0.10801177037533857	0.05554556103154383	0.67896365481012	0.9060102689283743	0.14077466332011138	0.025537828903313662	0.01517688942077675	1.6925229175742689	6.443573101318474	0.00930454416395304	0.9058515706754093	1.781537209083377	0.42961513165398346	0.01762401334837094	0.007911532891555304	5.730790390610673e-06	0.03019152769979708	0.03444466367034338	0.19253056547006692	13.789819893608819	0.6562963052260194	9.267675128816792	11.151565631000661	0.0008796744558021802	0.00033332012142498976
JFKP01	0.16080623038532105	0.3048941442040235	0.200367166550897	0.21667376853319312	0.06756776462995565	0.0348139939940426	0.05487894969004082	0.7463318710254816	1.4569414746396812	0.003734309016797061	0.2022637202726482	0.5218938725895753	0.07845191506268158	0.015532356510930798	0.012516652662834409	7.515886808730659e-05	0.1343900295632466	0.14984969931296818	0.08442789744169746	1.6406269681740653	0.23259135923332602	1.2050749600640696	1.490026656320034	0.0007176481490677285	0.00017616024525136888
JFKQ01	0.12637018425514185	0.03353845938227277	0.15856276451644036	0.1536447754686067	0.05554442311140001	0.011065945230084764	0.02755473273016216	0.9391683979168419	1.746990167296092	0.005055175513453521	0.24036312369012883	0.6677268868663268	0.06892927161830105	0.007188526699024175	0.0016696679230078307	0.0006896761339797136	0.039289779061361135	0.034102337900000154	0.02613860609092938	1.4767237009255372	0.06784029954441761	1.0273971100341197	1.4290552510562706	0.0009336571158162009	0.0010868323287257984
JFKR01	0.20001944396821508	0.07392428970661435	0.18582746499226332	0.1874315585788769	0.09905854023350555	0.027635780351358694	0.04825572335152096	0.8334179104769559	1.4619124692165142	0.004504346938921307	0.18773682851274598	0.5081331080417143	0.052088253965079705	0.014397184392266402	0.021637895439756593	0.007415460504119021	0.07908423933858295	0.06611237130651093	0.038107726932763236	1.4050038629568342	0.08766947303139438	0.9459311920088473	1.2420999102906296	0.03475420850925902	0.006599487845016072
JFKS01	0.029221404393747905	0.020260401954894505	0.39932846467810335	0.5276138722928347	0.08360721096607257	0.014770994161694652	0.007069788833389343	1.4432498348796161	6.760014588448833	0.009878991475194386	0.935284761158663	1.7965997252297	0.26040772454302735	0.009083143269793505	0.004843252208266297	0.0	0.011480409320112538	0.009427531638166457	0.1266055411747611	8.359112063657847	0.4276889204548512	5.3422421580920485	6.726632014777214	0.00012323622593411515	3.997063685308653e-05
JFKT01	0.09101393395490733	0.029919146738184754	0.13664419319713425	0.16758062940148605	0.04893023594536391	0.011275269218376023	0.022095776169749486	0.959234508791396	2.0482716982670777	0.0071378256792512754	0.2376375962259982	0.8147010782618385	0.07729872810972152	0.006399244226974358	0.002519892053724781	0.0004069440483119747	0.039048663358820214	0.029232793206029267	0.025648354739247828	1.9802898868780534	0.08742682180638262	1.329868934938889	1.798306095607993	0.0009870487556623482	0.0008729117557193409
JFKU01	0.08650181000310819	0.03186128083501252	0.2567209900260851	0.3135794581148355	0.06875781600551883	0.01417614314520571	0.014134656728309134	0.9089199704548666	2.9074052862602544	0.0055364248542312125	0.3825127675636401	0.7564866488081471	0.13566674973635087	0.00668859124159515	0.004527745673871765	0.0	4.592768205554432	0.021516683146349413	0.06036797218040465	4.268615797527742	0.1927760070818774	2.6655116461056596	3.6605442536642707	0.001969005515561122	0.0021934670688347345
JFKV01	0.04456620627761826	0.029350317314195976	0.28653209979318345	0.31462402395021205	0.05855169660838087	0.011224582319029711	0.010037730151260249	1.0573817157313266	4.071273652580621	0.002885869418080727	0.4800462013246226	1.2580611311216743	0.18733118139724528	0.0030748687466978677	0.0027055983324571734	8.213385150199648e-05	0.013509931573893425	0.010992910014734117	0.06633775459792564	4.313531329830918	0.20243568699977885	3.2337871305374977	4.282805291310863	0.0006690173881213543	0.0005236910531665759
JFKW01	0.05138988899524837	0.015572515168026647	0.10034491345196149	0.11482103319957906	0.03470390358685326	0.005168549464333913	0.009660134607780903	0.8115105444430583	1.6470878211513553	0.002368466633717101	0.196397911241119	0.6165013906532165	0.05305980293233893	0.0024690428564183905	0.0018049286455635932	0.0	0.007893481407266497	0.0063582891460955285	0.018876836150509484	1.6254242836510642	0.07128311026278196	1.0478354621518466	1.4643150041369746	0.00030237609286748864	0.00012587013168790528
JFKX01	0.08609419981675549	0.031031852030831815	0.13501356961978553	0.14834976633092622	0.04699089984567829	0.014322128712913627	0.014391512867667247	0.9459917749911401	1.8970904999717277	0.001783492589934179	0.22197908637913372	0.6258329401921896	0.06228164683627478	0.0029202524829970472	0.0008854392201557712	0.00014546789518230177	0.03846791585793417	0.019658315637099674	0.026844103262403364	1.7808370845126693	0.06852654857307272	1.224159348811372	1.61100415121854	0.000290481757416679	0.00037620303856506876
JFKY01	0.059483001954850186	0.017559833009919285	0.119216961261756	0.12208625295994223	0.033872996822254385	0.007388343998675649	0.013576591046945032	0.8706021295964663	1.5357998538561357	0.001949655363529839	0.17251276608648344	0.5821484312880804	0.05110703897373197	0.0029815426246007962	0.0008317956023910673	1.2086742327231061e-05	0.02288561837178908	0.01355858561880279	0.020703021241758563	1.441206189145917	0.07559841448539917	0.9116827991666996	1.2432686264201445	4.7638654624469175e-05	0.0
JFKZ01	0.0864586027039857	0.03184854911193766	0.1512316934107126	0.15123751036364383	0.04824540817548383	0.011815108718530117	0.02815052789768803	0.9052692059212507	1.921010767293552	0.0027430517480928943	0.23772387629763994	0.7405695157193188	0.07056747479411345	0.007003017726153921	0.0031236735681579833	0.00022687345742215706	0.03517380782945756	0.03464537140717451	0.041576102377166003	1.8060540306779718	0.11476123337533652	1.1491527734108387	1.5598858051045965	0.001471182902062825	0.001636409782036359
JFLA01	2.5350171611531582	0.6104973069517667	2.501346026265025	2.482946315987708	1.290966442766556	0.2911262336839046	0.6577111570193243	3.730665750466356	14.147665413873716	0.02060281157287227	2.205648215273937	3.938867773659725	0.8227811087967649	0.06464195573391078	0.031792928759690336	0.00010834432713030409	0.2731104475987961	0.2579595454778995	0.20698259653042167	17.860257380307274	0.8179089810905813	12.478006243204819	24.393938138580253	0.0018035817809735181	0.0004388752640844465
JFLB01	0.18141132656814876	0.053228385030606645	0.17739449717683697	0.19028090291143132	0.07617192331898419	0.018949014959648628	0.04114542052750984	0.8943366325799639	1.8684291760253677	0.004183042054047056	0.2170706751600031	0.699527688948868	0.06285568851632375	0.010375884518005179	0.00423515739470281	0.00015131300195198329	0.0722606667700858	0.0694577677467959	0.040616687777084014	1.7007055911186353	0.07902877242582464	1.090728597193713	1.454112700837278	0.0023107887603871745	0.0019882209884598753
JFLC01	0.09567994143561587	0.03975164833085158	0.0976082299678256	0.0942357909458895	0.050010446909667404	0.013713580388379127	0.03204198727820074	0.6947936630695669	1.3957059277705164	0.0050561997726816035	0.15757268865424953	0.5559105105304555	0.04714234995759321	0.004502927564691947	0.00315332918986651	0.0006609976601150774	0.044541471748780224	0.0414304495760869	0.026075949672926018	1.0685563020734477	0.05269644600684856	0.729500487792663	0.9976039761142458	0.0020838817067080854	0.0038183883062860974
JFLD01	0.06706901819153287	0.021868277397172835	0.1465552148964846	0.21387571055157148	0.048093035150085964	0.007441180935461447	0.012977337296938597	0.6946035206413065	2.2337747187957557	0.0022845885930396644	0.2676368970408911	0.6145432909164057	0.08951911702042793	0.0037415957548332978	0.0034775270848026846	7.280676531522566e-05	0.018764030435761265	0.015281047100742571	0.03695460525031768	2.890359982025804	0.1162385246466042	1.7836604057424665	2.3472259405808247	0.00035660346689658963	0.0003306095158304321
JFLE01	0.6960464077173304	0.24347085181601988	1.735406251089922	2.2451229007335094	0.5534140943236493	0.11326898317349939	0.12609226946871122	13.51014527026097	23.757927377507286	0.050778942278291085	2.8622297577583917	12.854900021332934	0.9302128729014565	0.042958991184212564	0.02305755153598891	0.0005400093479230277	0.1938968196863167	0.1623825496610995	0.4533409815279824	27.16033858245634	0.9422197674324807	12.080412392331352	19.23834577535177	0.0011313868977208166	0.0017200777664235667
JFLF01	0.03205692081788758	0.020126689508462855	0.08653385597054837	0.08947101082138836	0.02676523757090174	0.006036972657402258	0.009438032791268192	0.6709264617896671	1.3942095798609702	0.006018598096891883	0.16886241385005374	0.5295679989275294	0.04173261105096958	0.0022710044850239885	0.0017806037558972514	7.73280003820776e-05	0.01515142993898398	0.009960421892013988	0.027421972041500903	1.2636345914047837	0.06343765463986935	0.8004097079704617	1.0769773986469235	0.0001445716692047437	0.0026876661557112733
JFLG01	0.3370749793132352	0.10167164093153064	0.7633029949491352	0.9571465320392635	0.2260997301093151	0.04890829383684914	0.1031572275747012	2.2123950818170894	10.405991463876337	0.05244632295427267	1.1932674769794576	2.325952876329022	0.40827741016094804	0.01937861956813643	0.016922240931166174	0.006059216486681862	0.156572277328601	0.14878764512182885	0.17943089026391948	11.91476981129371	0.601599222431056	8.89163000726207	11.083470295519504	0.004396733449829403	0.005035558892606442
JFLH01	0.05550729300993091	0.026095684285979068	0.13667685467003676	0.15317471696042845	0.037457505452999904	0.006896743928427291	0.011778659338220024	0.8466581242497515	1.8078182316489455	0.001886469883967456	0.23752410174446134	0.6173600372385052	0.06594051687431715	0.003059413252002605	0.003221480650221047	7.65677892922499e-06	0.018833856391718865	0.014487698096678407	0.021723477656327685	1.9761640303457912	0.10307508698524141	1.3359104540033302	1.766896221820784	0.00030987760363615036	0.00014552839637351823
JFLI01	0.14907948959117795	0.03138051658113012	0.13930533697920494	0.1407937857105063	0.06811556050941033	0.012924668380516098	0.026750771886725224	0.8361529456903827	1.6229438540328291	0.0021968797703094136	0.20493370335259	0.5366108114646841	0.05564630359305346	0.006350142263559085	0.0035737039189223515	0.0	0.05011882889624343	0.03880121633667455	0.03225695122771118	1.7122567486209417	0.07393584524036925	1.1174977555788643	1.3700510734077214	8.10417034376196e-05	1.6434045404616801e-06
JFLJ01	1.1167114749330314	0.5850299334321465	2.5575868402196544	3.2639314958761765	0.7765907823039188	0.2043508894422966	0.22091902942501604	0.505027545846693	3.1005353694986306	0.007767628255122002	0.9417250733757575	1.6282260482753543	1.0752781855182785	0.06516698894022997	0.0353399548578694	0.014586009903163806	0.45072344071553966	0.37372557527975225	0.4104532945717636	7.553687282261694	0.9457905963853568	6.626818483561578	14.248839468811278	0.0019358843332511317	0.0006691590135533613
JFLK01	0.221548589825793	0.0832528280152423	0.6958839794143384	0.82748773273176	0.1957645822750545	0.042390857833187134	0.054795726120648	1.9578469810131944	8.0579292806006	0.014378985064918564	1.2993691135238603	2.2585104893449204	0.41359506419573516	0.02001826473506021	0.014738233289400294	0.0017027545023996957	0.07845662965211758	0.06576104577675031	0.10503849114427914	9.368722168665126	0.40261470370300906	6.428724601364706	12.206822289669441	0.00497919074392802	0.003626585891533553
JFLL01	0.2374794175436157	0.08987671323357194	0.30653790573474254	0.3292989034105848	0.13263076557729458	0.03220170320925198	0.05202816423645951	0.9466476446084585	3.243670864538774	0.005421763295659308	0.39881327408427014	1.0117818088752117	0.1395176867392181	0.009798043087939008	0.008027036992568001	0.00029098083772941913	0.07260740178393217	0.08428444150936193	0.08848398064734546	3.334181334660457	0.17568808197967706	2.252553736650117	3.2797754828650327	0.00037286440470736765	0.0003214817096631003
JFLM01	0.1692495537413142	0.05403022083605034	0.16078953246511538	0.15885844245607397	0.07817449688312614	0.023009933984673433	0.0449199535401436	1.082550710500915	1.7167984545938633	0.005155256396944929	0.20314718121320516	0.6429223781511152	0.05066383153986117	0.004906507982118706	0.004772183945461184	0.0003675169466147606	0.06591527906089373	0.04895100051477519	0.03804703258010758	1.5619380124727131	0.07406696449737106	1.0208553995704597	1.3428930001661423	0.0009571225437433247	0.0009959459232979635
JFLN01	0.1374145010390055	0.04718376845826645	0.1817792390794897	0.19495836490950966	0.10490261409908778	0.019647439194501327	0.06224838538096099	1.0871426732124272	2.132766684423128	0.0025922202491678726	0.2745518127661713	0.8242757134847513	0.07871561969261545	0.004916251980831172	0.005530376364148266	0.00022080150947941028	0.061872879465239165	0.05795331425638639	0.037511806837924856	1.6774464404087186	0.09493314599516149	1.1069094586700121	1.595113180232992	0.001606126210623694	0.002075144562331652
JFLO01	0.2479614622850645	0.10180057239250734	0.38353930905716116	0.38349492522033785	0.15808431941666132	0.03139315036037138	0.09169611445598898	1.1811307589262523	3.5211009925415664	0.009624206641503801	0.4641246739693947	1.2324903485027363	0.17039586983769892	0.025613876562513085	0.014668422136573598	9.1779458791023e-05	0.11143022814703217	0.1116345113464587	0.0875384793518682	3.612714577652283	0.19061475322539145	2.739227160846597	3.73006924117297	0.0012390857457044181	0.0009792834216255113
JFLP01	0.1438776251607737	0.03807075952263838	0.17686335722710944	0.18384932441752064	0.08984652652610275	0.019034502682845088	0.03344463616346246	1.1362890877847842	2.2119707399672355	0.0037002563854312428	0.26745267589326027	0.7743050596823745	0.06861860395455958	0.0051625205542855	0.002493363609833734	4.197526257858702e-05	0.06502303673054317	0.05062078494710611	0.0320934959667907	1.952222490458623	0.08169256441845386	1.3477173686929886	1.7552810425757432	0.0012763191228519	0.0017133666989498078
JFLQ01	0.0776592906479652	0.028369662368911277	0.252144859139315	0.2828750526742888	0.06776254719201667	0.010775613346853579	0.018921277942873373	1.1461245363698573	3.74355159938616	0.006418763707291207	0.46416497621389396	1.2796986840391533	0.14531328127156304	0.008611194999464325	0.0030813860237111712	9.679388844425945e-05	0.03667548818671209	0.02978873918310005	0.05631430403070508	3.593877638551347	0.17096009993237832	2.581932924468696	3.614783162829867	0.0003697328769346397	0.00023990460799834336
JFLR01	0.11128558095878646	0.03062163914778693	0.17866078116013714	0.1710985519174638	0.06613923264381913	0.018284048656848538	0.029557204762005827	0.7416954630827175	1.6869605254406717	0.002723149780397198	0.20350968555626486	0.5722260933305363	0.07470137648695811	0.0056005455213314435	0.004231712258700875	7.598582104579286e-06	0.05483109383640401	0.03872335272807239	0.04418278104297467	1.743455486638407	0.08881908491092927	1.2188342464067716	1.5420441415850716	0.00041648511957774524	0.00032660783870826075
JFLS01	0.09120718424073188	0.0263827295237574	0.1298605683701548	0.14431490056048554	0.05588328182198889	0.009254438228441275	0.024502337523041363	1.0262279016991167	1.7683329745941827	0.0019043415223024517	0.20683688154162347	0.6048819804470137	0.06118259200957411	0.005469642786464763	0.0018168078136571624	0.00020730783308633467	0.03534661830410839	0.02813570543859196	0.0271068998471895	1.5741136846007162	0.0667466458767839	1.0183381706959753	1.4190657641006637	0.0005088295752668074	0.0010104518810284404
JFLT01	0.36540586394977315	0.1516573592033904	1.0943504596411913	1.230026686549814	0.33447574442104855	0.07598025686053468	0.08820220696547572	2.2909998642375844	9.413712532160666	0.015360501287624449	1.3752278545627405	2.4865319122048737	0.5581866372767119	0.030237797863673695	0.011848654126090628	0.00015413128492277318	0.06885153901347361	0.0623141346804124	0.20468341200620854	16.186537059740754	0.7495110311704191	10.585719234010503	15.291190320435398	0.0017518250526941466	0.0008651881115923223
JFLU01	0.4339636896492164	0.15207070987271462	0.8215355640506027	0.9462161913106504	0.26715946711267446	0.06420425966474592	0.10002049179565745	1.5508662497741512	5.982756959128575	0.00933241741699973	0.8616065220987101	1.5148725056514163	0.38997802937886117	0.015014637338658597	0.007545949205763127	2.498134858956321e-05	0.060163186097011136	0.04336437771259157	0.14081072420898183	11.730041080092002	0.5361336013309222	7.784512853255821	10.421689969185252	0.0011200122309136214	0.0002233893048790355
JFLV01	0.4779955639526616	0.3192883858157279	1.2056123992792611	2.5133298511094546	1.6882645445215925	0.18407359355371689	0.2542951177291094	1.0157839830097737	1.7721867921707277	0.017472848286599216	0.2181102705568851	0.575671785526517	0.2153063074452779	0.10732715572260408	0.046714483724842146	0.0016343320559027768	0.23258026722611103	0.18148918482839185	0.05903186010589517	6.614897667459163	0.44872224164473895	2.546721418490727	3.520978990320536	5.400020070555507e-05	0.00010852956409799038
JFLW01	0.16084324684485105	0.05096988835991226	0.14637483909339064	0.13832116036295078	0.06320139100823237	0.01379372852467052	0.03948442922084306	1.0743794021585646	2.1515363992138434	0.0029426604177949962	0.2700426993028893	0.8491524283904935	0.06288408306588396	0.004535486481703311	0.003669386532404283	7.524056121973074e-05	0.04600837971786171	0.04661265576062539	0.03027186942259118	1.4962327503680513	0.07663105088363695	1.0000894272083078	1.3498019620354753	0.0002562265714116963	0.0003535105109723858
JFLX01	0.8357397487543924	0.23289638783930156	0.8482836884288799	0.8170324629592862	0.4204976141954578	0.10879845157571862	0.18547812975387856	1.531479804517901	5.2548528121254385	0.009515713778660872	0.686899759689069	1.62523024267415	0.2545968074237006	0.018585429521600607	0.008874526139279503	5.4800414342109556e-05	0.11503331988166533	0.10011227125460082	0.07895868146790974	4.717239238199787	0.2200755104606287	3.3769063327479323	5.005405739570144	0.0006228365306850165	0.0005695726879449757
JFLY01	0.08999831062711246	0.031568723884010226	0.1287076378806744	0.12314571879267541	0.05967831636250625	0.012214753864757049	0.03083618076298409	0.7575105943135997	1.5842529729618258	0.001677700338951671	0.18484492776605851	0.6154741304398786	0.06034451080744738	0.0058473551724183255	0.0026542416102115153	0.0005981391227292866	0.049894657090597275	0.038388112419900644	0.02252354800232764	1.0647964729147814	0.04964487532393358	0.7065331112813809	0.9052132563216094	0.002467771011310533	0.012010719972968983
JFLZ01	0.17608410176175762	0.05643566114795261	0.4885555474029396	0.6330700271678023	0.13022719556107334	0.05281294375041211	0.053951026830614326	1.4858023211851819	6.629498867215436	0.05085604241789289	0.7982199085936412	1.5543071311609884	0.3105023644918748	0.1991427758660824	0.40443454674296453	1.735795370555356e-06	2.1542456686229023	1.8750419486215297	0.11225384900781371	8.757094104091982	0.4772372163409465	6.13823544164865	7.729995237536231	0.05309027713696435	0.03887651118075387
JFMA01	0.12400637029816725	0.02688831349553263	0.09693497440463886	0.0986554205280288	0.034996233157260366	0.006950813589340636	0.01942613846513078	0.723695094736912	1.3317975231825603	0.002700439485361072	0.16811876576740944	0.46933598026574946	0.03124054847819475	0.0034786700338135957	0.0031032792229047563	0.0	0.04113832764764872	0.03594132487001121	0.01687877433401252	1.2104761735512815	0.053256031910180586	0.811098814752299	1.0642241864391426	0.0004219037246729639	5.3730176821127356e-05
JFMB01	0.482836317408029	0.12592722152082697	0.5872412016400405	0.7254207570557224	0.1932061322588074	0.08341715287601523	0.08475022708902012	1.5989247124223565	6.300639003072998	0.2756281084656534	1.1607031478970085	1.3915404639618172	0.41432950731858376	0.2666256587285581	0.4594513754799606	0.0	2.6162375299459137	2.01973899765171	0.12829353994556478	10.736337068480582	0.8649183254234416	7.373342317001734	10.218758434452115	0.4518324943968212	0.4967772512750206
JFMC01	0.3033097728698882	0.1028629989768307	0.3567011666340124	0.3698029042121588	0.15838743214076262	0.03962136919041366	0.08962114991601776	1.05912109773943	3.4513854281516836	0.004599576016482941	0.4181733290589614	1.1767972850970672	0.11705936670789058	0.011483580876077	0.007265454866965703	0.0007876470241792197	0.09213090179844768	0.0722927099882337	0.06537416367416474	3.4110906145883244	0.18256456959591208	2.440454775726756	3.3353322688174143	0.004006211757897592	0.003168627137857268
JFMD01	0.21283299748593645	0.05574882634888332	0.175488681047541	0.1762294906513032	0.08876786321553654	0.022431473879842307	0.06226243008911232	0.7945755830892577	1.8786446669856944	0.002780855458900013	0.2250224363925744	0.621051395705709	0.05393284876981379	0.010107012450216986	0.00575456481000591	6.820360544466856e-05	0.09349408284986566	0.06373974868227897	0.04033884191402207	1.5114627527790014	0.06823687189702433	0.9635960614408448	1.3529985688271413	5.732707126925553e-05	4.16735572449438e-06
JFME01	0.07658329163643239	0.025597172461983446	0.1749621810231436	0.21561127909350766	0.052987084105928055	0.00889248648989349	0.012234629148636914	0.8192907484762166	2.5997153553786916	0.0015337522884549882	0.3312730526888844	0.759267829421794	0.09795068754308893	0.0028436336465301033	0.003948184428593292	0.0	0.029013706468152826	0.029589585090419028	0.04000150853521001	3.3520988697717944	0.13404636725847863	1.9874949110470188	2.5573276454929643	0.0003262264589720691	1.5932081149472453e-05
JFMF01	0.20393920304899305	0.0841004713024799	1.1409244166401398	1.3518116076724016	0.2456684865248085	0.047118311497626374	0.024080475015479767	2.374517380670983	9.284415538361138	0.014565206587053622	1.4275022498096737	2.590816071819714	0.6829938126471867	0.02786921057284604	0.016487070621606384	0.0010623063697618727	0.038824855300119976	0.03416525623257043	0.2962058934023219	19.39041088885983	0.8555095367913023	13.36587592302602	19.43754793220541	0.0026990303930878143	0.00014318321563327332
JFMG01	0.17698858378160004	0.0513371065931524	0.16715183558942404	0.16399050781700922	0.06814872578520058	0.017109727491014904	0.03758817767386234	0.9421292428958836	2.0922119731050604	0.0035164649147627087	0.26340112349809236	0.6944599192978593	0.07871552966301591	0.006028093105051151	0.002897880697573342	8.551538326727886e-05	0.08660794910112765	0.06256234467106761	0.04404436376664665	1.9997791995551457	0.08672100005615806	1.298206024243513	1.6567645043033106	0.0007572241454242552	0.0018838737980953083
JFMH01	0.3351502549870221	0.13336913903087672	0.9528077052422309	1.185701720829368	0.5116821951427255	0.10738520709855785	0.11059388706057482	6.983112273385151	11.562699214734915	0.08881090342383491	1.659266848389718	6.386453213002994	0.6540474679922141	0.039793184479441156	0.02140325213157661	0.0007278466295755238	0.25448573799538987	0.221207322591509	0.22894480518801413	12.569276473274495	0.48656891606562064	5.654546469912341	8.859059467905354	0.002142550235649654	6.701409565942216e-05
JFMI01	0.22079141296957477	0.07491561879535788	0.28397219696395803	0.30810040195991	0.1335921131528216	0.02680314753434547	0.04272656830260124	0.9797795061950405	2.1774196760036184	0.0022874105126268955	0.2678042100068261	0.7374622766445348	0.09959913467766789	0.00790390310176306	0.0036948899057607084	0.00013050689057883134	0.060238303029658685	0.05742896260300843	0.0439253761898745	2.2558857537221795	0.1034453662220401	1.7156661209758788	2.963799915594813	0.000600749214029323	0.00029478235236317184
JFMJ01	0.10815987227494232	0.03447443277618062	0.2523513504533889	0.3069580959784892	0.08250314226621688	0.017373162557790575	0.04048484491172998	1.053167643165361	3.4553491802336658	0.004558544687855289	0.45756632243387785	1.177588879566528	0.1386874565945077	0.00751529910272245	0.006355324721168262	5.431562314833102e-05	0.041656294458272965	0.047322283474062546	0.06469905242747458	3.502833854251508	0.15412104939811963	2.3752148727056115	3.2976674161712483	0.000425586964614093	0.00027542253051079615
JFMK01	0.12684126659806394	0.041319206792888245	0.4206719981965462	0.5240653190236462	0.11615545372969195	0.019428731978674632	0.01987061534286292	1.256492239254703	5.557735053644547	0.008842482776706526	0.7775920478503265	1.1156922646945873	0.25906771420138475	0.01333239507797615	0.007058119286850921	0.00018162390262702966	0.025820172339395847	0.019908524897547335	0.0959534280652853	7.196229405785371	0.32279263309562983	4.658874409108169	6.39537894040759	0.0004652175222130467	0.00040907856162335275
JFML01	0.207778312249491	0.07433333207043008	1.1402911400027107	1.4461283108446361	0.2557275322655622	0.04678203543272354	0.04985957554192811	3.811870772278649	13.712037736047465	0.024725112734463987	2.2048022018535485	4.5598554895012535	0.6951153702824316	0.034904566258038165	0.020327655831517345	5.691594825011974e-05	0.076013842113966	0.07666600354628947	0.19046064057741544	16.380944277513848	0.7724933956315424	11.102181066203501	23.532363995829567	0.0013656516086372218	0.00038162105222156514
JFMM01	0.21239237956935023	0.05168909506364548	0.26906201953587733	0.2953957799389676	0.11224873314474088	0.01920538564571636	0.027601828823992862	0.901113044181596	2.9205185507664124	0.003854360565433034	0.3693840887319454	0.7733011630180212	0.12945084218026065	0.009043305530368905	0.0023719929586121734	0.0	0.047370238969966484	0.052967091106861146	0.058791518725180035	3.9975972917526077	0.18916036661561825	2.6353638042997503	3.525657549484713	0.00020236345022808498	0.0
JFMN01	0.3670865046736045	0.12177374661395289	0.8410374654209788	0.9003809986816464	0.23661129889524918	0.05513146053595443	0.0900541978428214	1.8522090929588284	8.349280236730026	0.010128257043433859	0.9456454125912405	1.9858335092463695	0.3543602907393035	0.018366665525037046	0.01204730457733976	0.0007391465303810154	0.19951611995263296	0.16659802574692792	0.1439826411405292	11.87183302206266	0.5170029910024305	8.310832186092446	10.514762528941423	0.0018530929640569141	0.0022363403463086665
JFMO01	0.11378693883446954	0.036423459903098476	0.21847966608875688	0.24876744011837915	0.06637730741999064	0.01422050849419508	0.02725789861599348	0.853963395712204	2.6023396313589235	0.005775398498005929	0.34374986438464256	0.7084779180437816	0.11190261503601967	0.007109751630753863	0.0042176860680442066	0.0	0.04496573210311625	0.039956940744209496	0.03917298257694651	3.220427169125927	0.14921555746469914	2.158085046539691	2.970477985318383	0.00016134861456485768	1.9087683980991246e-05
JFMP01	0.15184685802078285	0.04326599111450924	0.23544751016310983	0.24220957864031378	0.09076614235685661	0.02223791538205144	0.030099181663092313	0.9022666296074869	2.962778464162438	0.006390507099999533	0.3790601033041837	0.7617618417561586	0.13132804417307112	0.00837999099483753	0.003200704998868024	0.0001781188315404651	0.058360978918236515	0.042378275564744876	0.0442268811040794	3.2030284946121492	0.1291156607601042	2.0750014619102566	2.8113675096812965	0.014331482559719659	0.015043113162474872
JFMQ01	0.16358277401003601	0.054466630086454346	0.22969378758321557	0.23288451215637643	0.09301799117004951	0.025824627636048775	0.04438772163655089	0.9288683495063162	2.373161400895387	0.004417228579410609	0.3182706501856757	0.819875667794688	0.09251675227997833	0.008538825927042094	0.004086348982214639	9.711825385188133e-05	0.07390375507539688	0.06416462077067357	0.04926231041356478	2.6418623887033315	0.12515166840408487	1.8054220477252545	2.370999470645313	0.0003094737893512055	1.8514458386597013e-05
JFMR01	0.27380454362244666	0.10848737547744719	0.674083737836202	0.8360113410061119	0.22630237087922914	0.04951009195020392	0.08671358592926531	1.7744091221021485	8.076674792370008	0.011804719670867755	1.2123133917215847	2.3578482645844665	0.3608191900374882	0.022079011551355703	0.011072673537080097	0.0004843969746878914	0.10998960124603754	0.11217912874554171	0.15540066645948167	10.367908983728833	0.48590982738260136	7.140223543987744	9.258439942898026	0.0010698711180626528	0.002019239577317619
JFMS01	0.06852741378451327	0.02235454484007201	0.13313583942788754	0.14360719570046526	0.05105710400750834	0.008604065483247833	0.02255440150091695	0.6883159654218857	1.4132955667305278	0.003126817123505219	0.18245690711317536	0.5581704608743574	0.05230850163687867	0.0040197820134505735	0.002245782360279303	0.0	0.02327863477262917	0.020564839799938967	0.02877308657380534	1.574964333414526	0.07187532099989369	1.0511534155162259	1.2788361454458579	5.99896770238943e-06	4.382721917614752e-05
JFMT01	0.05831011633368639	0.018205277200000227	0.091773484157282	0.10358189316041644	0.028169016934837372	0.00742895216884298	0.01753951190704052	0.7390857776414328	1.5506763822496812	0.0019080543162800913	0.1699821446689315	0.5623483506621287	0.03346320252562971	0.001864389871667244	0.0008410522533822813	0.0	0.02743386929115216	0.018962223963064708	0.019811104351384674	1.3261760783339533	0.05590770692538129	0.812539285944832	1.0034367590433912	5.187044239788386e-05	5.846516251916337e-06
JFMU01	0.06441318249863691	0.012174754324013945	0.10456487627578595	0.13030869614621216	0.024475663977860364	0.007577718759648608	0.016678899451898647	1.0250865156520754	1.7128554799748148	0.0026028889910043773	0.2174337429499036	0.5724643223543902	0.05887324277104506	0.0014360864355095083	0.0008804059717855822	4.100566203230062e-05	0.008328549029235027	0.007452429773735369	0.02191983796750868	1.8162647206559344	0.07433536174492997	1.1985679679185008	1.4360645578609883	6.724717212144203e-05	2.008634742897736e-05
JFMV01	0.20655489833810528	0.07823567403192386	0.32929710607874696	0.39244185624420047	0.12714048948154258	0.03321480713065219	0.0544119171854169	1.3578992141204211	4.351241313176594	0.005595936346797168	0.5522762679597039	1.4643136082470778	0.16464242067962673	0.01437312129261109	0.0042640243395229045	0.0002500428050059178	0.06227308579978515	0.061691833234151276	0.06783190152771772	4.1398830962867885	0.19996031931740435	2.9104220597410846	3.8734990132938973	0.0023430656937883654	0.0004838291783385216
JFMW01	0.03072018998015497	0.01056930572649853	0.11754519129682488	0.14904021968715142	0.02715739881169838	0.0031825750370198724	0.00850446371028265	0.5677817577647932	1.8191249180067999	0.002754568644651893	0.2256263478951073	0.5072245961795903	0.07635638129153312	0.0043609257319258965	0.002531639281047617	0.0	0.009499038859221223	0.005999577135605864	0.024889001339043107	2.5348434628463177	0.10222351597310496	1.5611912562017216	1.9819522724206673	3.4871375843164376e-05	1.021228199811285e-05
JFMX01	0.12944604027737702	0.04000448456838922	0.20240881196106691	0.19274614309157811	0.06412840542282693	0.011724111463587011	0.03283043587049395	1.0750376190597712	2.242320678892798	0.0037323261147516116	0.2930815401337461	0.8201025138586971	0.0803025333501195	0.011020567054813052	0.007619359313495566	0.0	0.0443372421078668	0.049662321551618205	0.03682692154299585	1.973614507182482	0.08244169215005813	1.4123635287410556	2.002764563229171	0.000221855170566396	2.545683038265145e-05
JFMY01	0.17124080338271305	0.06448599887204903	0.3293419131175556	0.338250579721821	0.11463611308934814	0.021926143300929478	0.0501139263721888	1.0726514064639845	2.4103812393186237	0.005542131437680102	0.32258078577686683	0.787589937218123	0.1438942339444751	0.011702379149827528	0.004337885834029908	0.00012388041647457885	0.07025786300360508	0.04245073830073978	0.0689616768728363	3.6474671520660094	0.1817968757177935	2.4826304851493313	3.4175856881927262	0.001020405768819419	0.0006626956079115561
JFMZ01	0.28444423241664607	0.09617499935668117	0.4975552335920466	0.5500402373333771	0.2101677819092801	0.040301596888911294	0.06485596981588564	1.2318009719293983	4.513880771645707	0.006384138450657277	0.6725226297810699	1.3999401313502624	0.23328305965171212	0.00942240510330842	0.005059405344303897	0.00016275228555727631	0.10395741098619626	0.0648938293290608	0.09408922493799558	5.338818272519866	0.26425203859512775	3.7372612113350514	5.709246128898386	0.00040345898601955023	0.00047854022201838193
JFNA01	0.17667109923536373	0.06950687896166019	0.2665300612465186	0.2950551252591202	0.12304722855605352	0.026822786043374156	0.046205824527278304	0.7779574147950137	2.5273792953472136	0.0023039968744852433	0.33056622895591975	0.9018376028753532	0.11769444981849993	0.008406563259186903	0.005491798043207332	0.00040110659725139345	0.06433944186516301	0.06290260020006122	0.05472847092407781	2.9279439824460525	0.14423763545932214	2.0415603663963617	2.8632963097951043	0.0003427113565388218	0.0018484057261167904
JFNC01	0.07719001240492267	0.02377444204537052	0.07606984087471912	0.07382848421730322	0.024616051436323227	0.007460769951597328	0.015260047886849882	0.6482554864943245	1.312840533747375	0.0012800638672235492	0.14963176991521698	0.4917744622635888	0.0429911205127479	0.003539977104271889	0.0017668779664649988	0.0	0.028888392413645287	0.01502527533235705	0.014809173887385868	0.948266699212286	0.04635864898474691	0.6799012341541996	0.8299623528997145	0.0002167334350186321	0.0
JFND01	0.5139845228195501	0.16663447638049908	0.8364799350760186	0.933438452367195	0.3070873448518681	0.06533799727564324	0.11896983695830321	1.6657708891542766	7.753910522310896	0.008090486692888064	1.2684126095395223	2.260459503365855	0.4053289649248418	0.01847708709646685	0.013967510022356685	4.079706281706866e-05	0.17442915997466626	0.1439283641274019	0.15784119078202327	10.32901456821042	0.4846615091021675	7.564842261730119	10.266217107505652	0.0009121770985921064	0.0002707147680886307
JFNE01	0.21415432046498742	0.06315568196323147	0.23571747398350973	0.3078553339777365	0.07737289710217193	0.025701228620633038	0.03307327116636471	1.097755685130764	3.496165528653603	0.11310565323544862	0.5433482636152145	1.0441967212675518	0.1629939702770127	0.10142611618366314	0.2211225033335881	0.00012775127729411275	1.4030280767635757	1.0814678902852983	0.04945253875359344	3.7685848642205766	0.3007531167361801	2.638595159161624	3.3912280885693975	0.16332250772368012	0.18249679867228213
JFNF01	0.05712736810539216	0.013428776728436112	0.08487091134630138	0.0932567674327488	0.031339054756509346	0.005917035050516393	0.009230419326800977	0.8701512613185444	1.3623841473969514	0.0017481796588389603	0.17530064223732583	0.4956485029073051	0.0469062357915152	0.0019852839089620693	0.0018766071362565128	7.199845646721422e-05	0.018264811369172722	0.020872405961327948	0.013854070922631374	1.1603511843085663	0.047684184483115004	0.7344539703090802	1.0165439722270604	0.0006039502717136535	0.00048655587950288947
JFNG01	0.16119921132615936	0.05934203320220812	0.5107825914532275	0.5895560224455444	0.14417576534002774	0.029706464853909754	0.030813878024467167	1.4448824518684684	5.415483690908115	0.007188317450639708	0.7362847943125989	1.3394932838998628	0.284747077552146	0.020511851018387164	0.007734671563109559	4.683315402314174e-05	0.04517038634320373	0.03614499760109235	0.1240130063832972	9.148231157387166	0.4079524705632772	5.858579187081368	7.712565871659248	0.0014614504036350635	0.00042586455570013925
JFNH01	1.3280265011141175	0.39106189740802505	1.7972546202698219	1.8658507905943686	0.7962773595667433	0.1657123092256885	0.3856963864810442	2.348642369328242	9.502378859463548	0.012742745223865568	1.5038386238189423	2.9601307494458653	0.627405857601591	0.06536202542384557	0.04632998051744241	1.6114512063377745e-05	0.6594531259216287	0.5662793443304668	0.2788567520059026	18.691393628138574	0.8551458698784841	13.319833674462002	16.927032690707335	0.002394822165782534	0.000331990025701957
JFNI01	0.11690884939129571	0.048718044315030136	0.5636492570953713	0.6654615477583158	0.11706914854264347	0.024313274883002476	0.0217252645144603	1.83043713895678	8.347666835475964	0.008522075496052165	0.9284701039482639	1.8610635320905602	0.360074349723929	0.01405755745161813	0.006939446656934829	0.0	0.02461916838057057	0.022106672426583093	0.1552691822951615	11.620507411181048	0.5152921617748294	8.605704789102289	9.546871463320759	0.001421650638017746	0.00032994095453086177
JFNJ01	0.12975663863879625	0.054086111450631524	0.39452082543591477	0.4625261050793318	0.1051322013026629	0.0181107542300876	0.03369390963456644	1.4653659428651338	4.047609835741637	0.006724637845944324	0.5968436708129006	1.2743303320964208	0.22542627363416953	0.00840656461437611	0.008000600699226871	2.5025417449582922e-05	0.044588336616651396	0.03169614421810375	0.10587238851691609	6.55439982917254	0.3107428919425436	4.289956264665683	6.235686273487431	0.0006908388463880874	0.00018565016738714902
JFNK01	0.0584132380718945	0.019141044589414898	0.11026344651639455	0.11288616175651861	0.034669375513935716	0.0059659353794136085	0.01524972065270839	0.9005778156831205	1.6242116016854944	0.003696267062864038	0.204051149853756	0.6574672307917309	0.058830462680714304	0.00422024700069316	0.0016967154268219408	0.00020924951606540637	0.030128052821382742	0.02037219491680855	0.022317487943348622	1.2252791877376707	0.058433961650744506	0.794193993811642	1.1390614916262713	0.000540574687748177	0.0015024707064217626
JFNL01	1.2722055380178072	0.30839935071518465	0.41581506356726333	0.42351335591329564	0.5463359623011459	0.17243119101980015	0.08854787262710605	1.4627311505542684	1.8105551611479391	0.005260868066315374	0.20429261246068373	0.6495994069030191	0.0785072206171687	0.011521780461514086	0.005776542544136574	0.0	0.08841177476334063	0.0644946779136762	0.0244446595625985	2.4723775042202827	0.10656246593290296	1.2803132374440507	1.6538959422068011	0.0010130313221873302	3.1086989959591397e-06
JFNM01	0.15540849919609495	0.05687846512410164	0.3429932043080334	0.38621787515799766	0.11799428962201387	0.022895100529601715	0.04404529624336117	1.2741024124679137	4.476768932713161	0.005977127934815181	0.5970041507653502	1.4238742889263003	0.17440806711931844	0.011319673420283151	0.007556464126177028	0.0005387811379220983	0.06435795221690539	0.062205220130072354	0.08558425108609881	4.569194434413429	0.2281616637151146	3.5781255417185225	4.707346797542669	0.0012277932965030747	0.0006447032397939145
JFNN01	0.2335951059046616	0.05200074681908846	0.3541321926019234	0.39053543485845116	0.1106056173104042	0.026041472941034323	0.039886919652269086	1.2304142282937707	4.13691160092657	0.00805683886521724	0.4885902313889782	1.0253655859412831	0.16769195074833082	0.011613288216634064	0.009938281575723148	9.336284844182073e-06	0.08212196398488773	0.06438812203234705	0.059806373225551816	5.503828908151194	0.23882355034488315	3.478106336034326	4.041923085686867	9.094949760519956e-05	1.4051980021859566e-05
JFNO01	0.07726017185102226	0.02564914100735718	0.11859274272237283	0.14348906437779366	0.054180565531254284	0.009175950776734828	0.017450461307789766	0.7620837860455587	1.4982146075417881	0.0032362910269366943	0.20627747067421334	0.5900703132027625	0.05932860985249256	0.00468473720422723	0.0023287206013103082	1.8573151016378954e-05	0.03893117379550507	0.021337425381736278	0.026808623799590432	1.4062427057925901	0.061787756183418203	0.9625093227309713	1.4031372058070424	6.0035341511605484e-05	1.7231591007350804e-05
JFNP01	0.34262017258064037	0.13511298096552454	1.194514362797736	1.4582761286243193	0.30734349809584816	0.059424863806256153	0.0884322509535411	2.9614994211341	11.996196947229384	0.01790720326784716	1.8764825064449728	3.3844298145048253	0.7049134715225343	0.03936123987637073	0.014909443622576865	8.276248607269627e-05	0.14712598766833065	0.11301211331620799	0.22955016585619434	17.011851332314745	0.7887663179747113	12.138333226637343	21.361778159053806	0.003590332519566596	0.003521681564176405
JFNQ01	0.32771857885870337	0.08203429226493826	0.6171071553135491	0.7010579779637507	0.17735550853018042	0.040265647875822264	0.04934260836534765	1.6265167894521468	4.720640654059863	0.006154971439212759	0.683601393879495	1.3760341338423514	0.30246240474702846	0.020759322997986687	0.008862553024159255	9.192491625951724e-05	0.09192333366569895	0.06601422395138733	0.145785240783557	8.97287937756064	0.43663678120763827	6.0341465797888665	8.077266896765265	0.0016426650857661498	0.0016327334425715826
JFNR01	0.09213982807539171	0.04160433480640028	0.12006529408067511	0.13311458505986398	0.05932465878737195	0.017428446644614008	0.03763829334521622	0.7764271463126297	1.6968159633068083	0.00339117021679149	0.21960511638147995	0.5900370061168082	0.06276163128874651	0.006259391731898549	0.0005760067879133339	1.8082176537680474e-05	0.03951842064021266	0.029574103562102202	0.03519907419894389	1.368545669905503	0.07216099116159419	0.8883331694567929	1.2473804309142777	0.0010647323690064516	0.0014102864147004055
JFNS01	0.10316891333661098	0.03662392621785435	0.16250050906896402	0.16575896907837476	0.06879181927491157	0.01158643197774753	0.03671431990676917	0.8485531295536146	1.745398516098746	0.002716151408554337	0.23900754231700747	0.6231168746482036	0.06775194741843617	0.0052914905260727394	0.0018576078328686445	0.0	0.04402527829211938	0.027350119969092094	0.036751518431720726	1.5620280703932825	0.08589052217561824	1.049960664615584	1.459260163757341	0.001254994305549346	0.001880414534846996
JFNT01	0.1395577643902577	0.04050774125543904	0.2902122091947012	0.35129307550274813	0.10554235089025174	0.022166892337281762	0.040882294629726104	1.0152418681271176	3.228974156312305	0.004409694842415154	0.42632908107012807	0.9009446716173393	0.141285778839042	0.010047883534312173	0.007055861962867283	0.0	0.04403814083302748	0.04801629348786128	0.059755878963775724	4.939856319833668	0.20790251447675206	3.265038818297315	4.659727076385422	0.001274037924647428	0.0005924653453344865
JFNU01	0.7494738354828573	0.337669155695827	2.3390356496289977	2.7573026132023744	0.7724089510968982	0.14887728735990058	0.19422999558700466	2.339444275462866	5.7233115010704045	0.0111088608060793	1.051961703103235	2.7575789677292595	0.9600467372110978	0.038306730614940276	0.022377397484282125	0.0001635202852014781	0.11822168290011595	0.11002674643797095	0.5000251722983369	19.255737248473892	1.0138677576496211	13.777116033557059	25.45310608785228	0.0013455791068893188	0.000439676226633403
JFNV01	0.05895814004752771	0.02348116974990865	0.2566394606441211	0.2974999011714921	0.06571431417774184	0.010536364900893378	0.010465486288419189	0.7804014131711683	2.618870567758803	0.0025904123807611794	0.32086436853239325	0.7349987251130944	0.1271910756351796	0.0021856287970792366	0.007266322946397411	0.00023025939279480357	0.010922170920293428	0.008384870971990874	0.0474527170147232	3.834331619148034	0.17331619974168358	2.520647147864302	3.6089755176481813	0.0009683137798154966	0.0005481191982264509
JFNW01	0.03965456276456675	0.01284224519427422	0.11658973554009606	0.12706109172016145	0.032461471643004475	0.007602492644389681	0.005857385381004072	0.8907440614234468	1.7324973218576498	0.0017471019578564817	0.2037144354956408	0.6352364793828569	0.055222655400208806	0.005162976686355636	0.0020022864887529754	7.67933427716524e-06	0.012976454155180403	0.012680158507390476	0.020744132641032392	1.5730009880489086	0.06879538918706747	1.0136472819228353	1.3775712674743374	0.00030516154542792784	1.4392909748576011e-05
JFNX01	0.210495001209103	0.05301384368765601	0.1740775863048324	0.16431161100369818	0.07178290944564471	0.016953974055220374	0.047660447201667976	0.9376155870476595	1.9210776136397452	0.004140540472342117	0.20073618344591299	0.7529507289590921	0.05641278155006259	0.005092644569686938	0.0033135529660823677	0.0	0.06168252209983321	0.05366531416934988	0.03281517895043066	1.5866200921868319	0.06022268005228795	1.0551052955232505	1.4543470152586373	0.0012384251135404635	0.0
JFNY01	0.12805201918408132	0.04953478096175803	0.24499078153081935	0.2554644000862327	0.08900595310592062	0.019048727346737876	0.05981617517116747	0.7794516497618079	2.732863211181969	0.0038211055604009266	0.33919993406316956	0.8757867054954449	0.11415171776198456	0.010151348090354043	0.007083918036824692	0.00031740632887916186	0.07939655021423332	0.05933101568828805	0.04483256626444937	2.698706521934228	0.12406444628577028	1.8010967146941914	2.504283222611498	0.0007611463562047417	0.0005972459793400671
JFNZ01	0.12460797731491456	0.03900775770665964	0.1636800473532712	0.18801799750314377	0.06309798110183938	0.011545826212940312	0.028801689578442653	1.0533252099985897	2.4110235990093942	0.005826925900686474	0.2720476848910084	0.7805079926416102	0.06634997000612292	0.0043193182585764866	0.0014827150199438273	0.00026305524646761167	0.05084076565538178	0.04567517600582514	0.04084774107814461	2.118274291881844	0.0877916068904928	1.3642038310060818	1.8447649165472235	0.00015537904411127548	0.000603752196857466
JFOA01	0.14682654145179289	0.06571105635532334	0.1965677499784806	0.26381997436641896	0.08013783128998145	0.025886031551587987	0.033120844370339325	1.9815058014568614	2.2205352126222366	0.045261586638936306	0.4471602345000915	1.1434853585652742	0.23361099524435	0.04105626301408948	0.02255289032892158	0.0018943324390223821	0.045107732252543824	0.0392441615384667	0.03835524945582254	2.1110214691747555	0.21768353786926486	2.034890243940277	2.084645965046736	0.0002665875056764145	0.0007175137848503809
JFOB01	0.11747948181530402	0.05283512202888898	0.2566379330585625	0.2846832297020963	0.09207549704133132	0.017486155391610986	0.029939434512300467	0.9102475598036486	2.2264388903442027	0.004737913559295543	0.30320816431659076	0.6885943311991489	0.11383603572519718	0.008869325791542338	0.005102504783628593	0.0003934318190137404	0.05959840703183518	0.04851987676879709	0.0767390740958093	3.475584863198873	0.16271056309828863	2.324524754744102	3.043773265788138	0.0013308297019055304	0.0003751749316200772
JFOC01	0.0781636559607447	0.020292430659775176	0.09761026484245487	0.12939917764689096	0.04180242007745741	0.00803857543444328	0.018967811431390445	0.6454099721303312	1.4297493517821762	0.0026567716740321864	0.17277902250820787	0.5068893325045041	0.05216031923058797	0.004442401273058589	0.00306641766559603	0.0	0.0290392750910795	0.02060721565762624	0.01935489031062408	1.3752150904082054	0.05921345871227468	0.9649913928220726	1.2093809724677713	3.243706609147298e-05	1.63399399048636e-06
JFOD01	0.055351044874500134	0.014285422445470208	0.10109278684264682	0.1056405344457908	0.036627255745157204	0.00663294742395925	0.009191574079463553	0.922263721189915	1.8111121550866003	0.0014114210393148883	0.21023638585543689	0.7696088620925812	0.04722701509031877	0.0018983704258388483	0.001671444941734352	3.7743255280281413e-06	0.017640948260103297	0.018755848888826133	0.022955885097193523	1.4373000167511527	0.06457262538180872	0.9409069777451391	1.3153971936518778	0.0009889575765179624	5.0373863168299566e-05
JFOE01	0.34509077286237155	0.08776250399797121	0.18232416027737727	0.24741302282407618	0.10626898781155801	0.09491529343598937	0.167524243716804	1.0818606912297175	1.9491517800568972	0.24160822071940308	0.4238419676254953	0.6574909692925075	0.13884235636393694	0.16270245744196832	0.28396592883741584	0.0	1.6903837082608062	1.336085865162018	0.03436870183137307	2.1389719555877464	0.39328967213334803	1.4123062631242653	2.101138916957019	0.3282957001814052	0.3357682841839389
LG	0.1030003801645207	0.1824080761587401	0.13227448212005743	0.10447773506182464	0.09103084032061708	0.1206477749004207	0.12759663449613598	0.3233277009979705	0.12816382698872658	0.12692200159700545	0.1316092632761977	0.16750089863409	0.1602355865016254	0.059455946190363186	0.04136912408621305	0.056143980909152943	0.1804632790261513	0.11956634568356686	0.06386494018585982	0.06329345584866139	0.1777796502686685	0.11489259268307739	0.13489055212915782	0.15410423212566982	0.20828634871986718
MED4	438.1100398051322	117.78657697575335	237.1265963980276	193.7436128341715	194.32962605742566	46.72890417012452	126.1794573172794	0.05048349942410314	0.2933739562060393	0.012316875067175739	0.24852400927543797	0.6793820166849023	7.024517779175656	12.670243606668777	9.397102838745317	0.004215103403015728	215.4217063666505	192.3159070299081	13.485332910890689	0.9164214081200975	0.34833508874634006	2.560339204571272	114.16580899453021	0.002672808301953019	0.002852694078628288
MIT9107	0.60280517483744	0.3609566569668363	1.5128922395117341	1.803939270695547	0.5100832097158454	0.1392268407863855	0.1910780331611477	0.4451750900905342	1.9982845814123986	0.03767114717467542	0.6186985739895735	0.9862015115805655	0.70273694906659	0.0684217806479863	0.042596891898109744	0.015289709659887884	0.2773785948173992	0.22418732593702176	1.2952487153231256	9.455399509965769	1.7358192328749011	7.2885266193044	13.833376559261518	0.05516230601113552	0.07023242742170496
MIT9116	0.5549521724329689	0.30648684229313605	1.1300694043760753	1.3897382537037848	0.45237155492134495	0.13655026574085113	0.20792200961108065	0.3114570972044995	1.3296694840995384	0.036018467591931606	0.4195773872716838	0.6503900155806073	0.47905337285582567	0.05709099996379581	0.03917576532909789	0.014861776983964334	0.2780344197638374	0.2619459337695354	0.9814550938403838	6.3645724989510715	1.3065761323962377	5.182800855371597	9.835228589101687	0.0515501467912312	0.06985558313793218
MIT9123	0.662531401862952	0.3241358124081269	1.314948778582477	1.593760125101393	0.48990351507565955	0.11392134563583345	0.21093232270824885	0.36691384350657097	1.8105244370275144	0.00513402584960129	0.4873585067662673	0.8128126995846765	0.5288486455094539	0.044712744338207974	0.03221628698413722	0.0003374581560894076	0.3061880722814819	0.2552175018681939	1.0569726914262374	7.992591847294593	1.4608446933024475	6.115478710117993	11.257764605250324	0.002288945800948055	0.0008355779261430555
MIT9201	0.9398302394064131	0.47409715960427257	2.5182885190570903	3.0420694199295375	0.8294087259286365	0.20621970100593154	0.29747879974042013	1.8110862755988488	7.7038189276873	0.05881422917415756	1.5166557310948918	2.546283616006896	1.1605221447533236	0.11227866258956574	0.07130235390881942	0.022200467525903794	0.47875436585584746	0.37752746205150245	1.241083380135383	35.290286210222504	2.256788333409013	22.457207882461493	32.76086603432263	0.07737788925590579	0.09752874592936682
MIT9202	0.43342440029223284	0.20177262711210725	1.263766086188212	1.4868823336120225	0.40435955946924357	0.0885784888922356	0.16048125826258616	1.2717221853193925	5.184849100788678	0.010151636510012389	0.9047725137489637	1.5831254287240042	0.5653952623290043	0.047774063426359516	0.031768871252815946	0.00016895113387967043	0.29057849234521255	0.23732473200322093	1.29349032426432	18.107408164099915	1.2491962180403764	11.551995734477392	16.47472496666269	0.003351970792936344	0.0024442668837776275
MIT9211	0.0599535630880952	0.08003261789434542	0.06763204937229855	0.05914623053921624	0.03126645769501883	0.07113595455855731	0.0916600062401541	0.44097027853166704	0.09226569022814937	0.05054323004034775	0.059503529362465744	0.12344398491808346	0.08687660569305544	0.012455240078299937	0.011948307385889458	0.018268533580061135	0.1384946973042557	0.1069423054582451	0.0405200867452785	0.022493276261094288	0.2595438491466649	0.031596709348145395	0.09450178350865453	0.003995662677909985	0.004446437913397244
MIT9215	0.6306542022927859	0.25179544719573316	1.3503346480329885	1.5603531019007542	0.4902995114813767	0.11292736111386846	0.2433489849054563	1.2038591306422752	5.063037884283601	0.010109561605819238	0.9138083541569283	1.5545151213072892	0.5746561074045035	0.05434173621703334	0.03436882925908761	0.00027280595667252065	0.3553748875233474	0.3064601490308328	1.2272384953010351	17.376285497703083	1.2085564145174534	11.034809350342101	15.72672301050409	0.0036878898372983493	0.002784442260368349
MIT9301	0.8926031466959624	0.29894102252921684	2.143560422229977	2.6913501169449194	0.669462749439005	0.14688539921304783	0.20385571024698673	4.431340870591215	18.246675271034736	0.0345634934237418	3.0258478743738624	5.141278815675222	1.2500567774733313	0.057508801708139996	0.0353414145268319	0.000689963460345766	0.1941146640509621	0.17038968277352254	0.5122585830861912	32.45742247687044	1.6125237526341198	25.869964553316112	41.12186118604158	0.017970405706473538	0.025544063978799263
MIT9302	2.8764937328762463	1.8855526334422754	7.807387156198476	9.861728776293685	1.8953450764737447	0.44375263969590956	0.5242025016900481	1.3919978952811891	7.543157740658395	0.0197109810853938	2.666378135229291	4.074311818138456	3.5314723524165186	0.1594577754123693	0.10804963890613882	0.0004734341748931372	0.7377110954686901	0.6078842996032633	1.0498559548791258	27.128983109104578	2.296432550950533	23.32589664106712	56.95288957601614	0.004825616365328615	0.0027951255244384986
MIT9303	0.22537195661034545	0.4211249200254308	0.28944564223115976	0.21489312554677992	0.13789581235538337	1.2513479032114254	0.345195112816321	1.7318643897798112	0.4262831643571463	0.23233970861515693	0.24976764946416383	0.5228961016405117	0.3614600341911362	0.058367378266980616	0.051289228245505386	0.09290517288022211	0.5124972120657022	0.37899575631493926	0.10133839136069975	0.055989502717449145	0.04611281870508458	0.12129104187566556	0.29832212339833447	0.09924621474704845	0.12948009688206769
MIT9311	2.1716086205384477	1.5407731855662183	4.859410557184288	6.3676637989273175	1.7446449631136585	0.421537577016112	0.48358797640277684	1.4135833015102095	6.865622326560647	0.06213080216288986	2.1044432408726292	3.2005710897210355	2.3265670210441334	0.191210716414322	0.12473584521679387	0.024224255492941025	0.531909736647953	0.41239947279524297	1.1126753613682598	27.171593949237764	2.6735331188218368	22.515369660367647	46.543838913391845	0.06372939349700328	0.08520112764234641
MIT9312	0.9134329477659827	0.5254887224529657	2.3213977373657317	2.9128172897268008	0.6705337522775201	0.15289402859275456	0.17691357160461316	0.5642300812653098	2.8918537695217976	0.007494770371865581	0.9990609675539208	1.4691348261456845	1.1946685482021082	0.06720056004448645	0.04228045644308552	0.0005178513967532792	0.21858779030255987	0.1860621616077301	0.4592914934812688	11.070205536365558	0.9938597843996901	9.606280810463694	22.773735894544885	0.0032172573433676683	0.0019247211950139682
MIT9313	0.19292512269005296	0.25698312438861814	0.23310724605936736	0.19439698329102623	0.12773381528521016	0.506349856730734	0.2802965435898293	1.5269184485599685	0.40922785644892046	0.2090482221827762	0.24050691999935073	0.4927580769888574	0.3392748837982122	0.05817646511062687	0.05114714712777137	0.08968009434229043	0.4201615745972462	0.31259859479524793	0.09416772436466873	0.05838303835543622	0.05597208056134826	0.13036036944640783	0.27139076333505974	0.123378818359038	0.15773516774636823
MIT9314	0.9455259206033575	0.410592665197392	2.901228760218828	3.615661199428268	0.8610642409327103	0.20083812455012406	0.23457038738277525	5.399447956286677	21.601096087678926	0.06974198195890796	3.3387639456192937	5.8299528893943515	1.4948608276504167	0.09823433420064222	0.055158293217335404	0.01709167754224389	0.31741651831542844	0.25089470962289967	0.7205499374323434	43.5634722198691	2.2667110811745967	32.17697957148295	44.333486436140916	0.07064919375238213	0.09026130297040215
MIT9321	0.25382717132264077	0.12132366073885649	0.864856803612517	1.0688107737523806	0.24665627627429437	0.056851532144000905	0.07677292738063307	1.005866563256489	4.1176102290444	0.007716191196235166	0.7237617269258296	1.2524072400742507	0.4382564282550221	0.029320195629453843	0.018552333665063578	0.0006546266628590381	0.11753374464360794	0.10579222885548638	0.2956835838439158	12.321125073356466	0.7079769654129286	8.624190997832667	12.268065000445016	0.00228324070013291	0.0012014495408711014
MIT9322	0.3056164497937648	0.16235636024248887	1.0773559743433891	1.3414977817602964	0.3104226580038588	0.07414384707068043	0.08694740815983491	1.1310176900436686	4.599498586484872	0.017751871363919442	0.833587397564011	1.4360891819414858	0.5375971087005662	0.0422201640176922	0.02492418205767807	0.004176275417736991	0.14493206380704424	0.126742527450216	0.3950086955039445	15.300443041447204	0.9054792200914923	9.980266303050021	14.216468810682262	0.014299798342237146	0.015526388179787054
MIT9401	0.22928854257198364	0.10697128636653828	0.7671003038703774	0.8830475096180423	0.22719689799672077	0.04882674853587745	0.05932935645466098	0.9520071698362639	3.842903515132859	0.008362838175313728	0.6700630758476324	1.1614141809799856	0.3949378245733465	0.024871187988898615	0.014954579062295774	0.0011794042626636213	0.09284828655839146	0.07859263471421704	0.2510615811502236	11.166941762824019	0.6333090158505764	7.68221230098276	10.87703168641735	0.002942637297824626	0.0016007794399848698
MIT9515	16.333199571386633	5.677257870890126	14.28226649391071	11.682059128019748	9.645756271734141	2.6375671496051765	7.9356017007073705	0.03239879848804436	0.19248277075874243	0.0021944873216934776	0.11607723638439531	0.181109720427766	1.0606536966090736	1.2968738782643223	0.9698078519058558	0.000633642294548967	10.104905276542866	8.844870901525416	4.699514970053614	1.4649436427568034	0.512557729203372	3.0988622135105963	20.471095260220903	0.0017614701677243333	0.0025426292954920603
NATL1A	14.81775147966614	141.1024641603593	29.16637370352902	25.747810483284177	6.217478184849252	9.93645157450909	18.981534101242488	0.09025933823317563	0.22926889357515756	0.06889515611539418	6.81907791091249	5.040288624548976	5.828269768264684	5.4323057718984895	3.8882299402618217	0.015335232595581793	73.53695439122063	81.15491635214703	51.63148594446679	1.0404903057723203	40.3916979701253	0.10378208925910257	7.045346895489436	0.037531484004748254	0.04090367368791089
NATL2A	14.078922658413381	134.998588183132	28.05343927660627	24.687724202614113	5.892295516010222	9.4532739010476	18.195882079320473	0.06284626674455575	0.2056606586544773	0.05591452715774144	6.408780998817973	4.860369873040531	5.483837812332444	5.202120409968129	3.703822763974777	0.012793576877446224	71.01585104852005	78.40928413764001	50.77634328054238	1.0102641419736742	40.35968666499308	0.07450383963170544	6.472333392726784	0.019381379224202182	0.030511450300034694
PAC1	12.808180940009649	121.49481704255983	24.959931282860385	21.99055587802247	5.374707109487247	8.545867477286121	17.98035846472993	0.07711378403257065	0.24533801220590826	0.11247972149940097	5.304696097273875	4.025815984657234	4.564076340718805	4.640532309612982	3.3819751491466814	0.03434655988972666	62.61290021623949	69.12737002822523	46.235013651086454	1.513721156946204	43.444368707564735	0.22803602935442324	5.641990026184319	0.06144444000700479	0.06657440539545754
SB	1.0215447352817324	0.4025951541208893	2.990526765587324	3.796051931406745	0.8977745389444671	0.20453842518661253	0.2645149691919266	5.901141349233084	21.51431230534586	0.07137395293766198	3.250355393606798	5.806946003694849	1.5334019729384176	0.10380111286063831	0.06362156742962681	0.016510642985957853	0.3540011873669372	0.2840904617204478	0.8180157656194419	52.639849331819356	2.726775535641734	38.86418378069454	47.01089781914078	0.07089552461563542	0.08829987675351204
SS2	0.017809882555350244	0.0774508378970801	0.019583471259460347	0.014791178480015547	0.006631800541058538	0.03347221947202932	0.01621949907738717	0.055008795380101165	0.014408650099993427	0.009307691737339824	0.008257026658430205	0.015718791448799393	0.013063326918901394	0.0028646404599181894	0.0023174700932048343	0.003512763283641616	0.031228837520368258	0.02771451740095543	0.013626234060089183	0.008233988387244333	0.09140618302703869	0.008248635522173607	0.01892433697474846	0.007159742823006618	0.005191293690910805
SS35	0.01097291422010647	0.0344218616981913	0.013655997341512361	0.010167440906542495	0.005190185384736126	0.02404250501816257	0.012180612009024733	0.05150403492338541	0.012914208232354733	0.007826102627188268	0.008660479237742377	0.016704922339331303	0.011300653981113058	0.002277242495911526	0.0020822570758021477	0.002794954218928017	0.021940466833757957	0.019981877553918365	0.012115589276983162	0.005644370576865419	0.09560013895868967	0.006409093988399916	0.016793235062149275	0.002923024841650923	0.0027214540495959128
SS51	0.013473732988352265	0.040788367685388044	0.016887167456581163	0.01329964137509495	0.006860735013514672	0.03130722600835281	0.017558768670928933	0.06206903613206837	0.014660146874882679	0.007415454411689938	0.011032254269195577	0.018271616155133785	0.011505456856857119	0.0032664780475224853	0.0031306774952157327	0.002599538202489288	0.03514895665979862	0.030263650751786504	0.02353832211632457	0.007199119624077087	0.1380326237973366	0.0074254585123195525	0.01816141586135564	0.0029881135201689315	0.003054502062466598
