bins	ANE_004_05M	ANE_004_40M	ANE_150_05M	ANE_150_40M	ANE_151_05M	ANE_151_80M	ANE_152_05M	ANW_141_05M	ANW_142_05M	ANW_145_05M	ANW_146_05M	ANW_148_05M	ANW_149_05M	ASE_66_05M	ASE_66_30M	ASE_67_05M	ASE_68_05M	ASE_68_50M	ASE_70_05M	ASW_72_05M	ASW_72_100M	ASW_76_05M	ASW_78_05M	ASW_82_05M	ASW_82_40M
AG_349_G23	0.00015877446337488938	1.754891623400207e-05	0.01113604311008828	0.018048042231134088	0.0005865973870658674	4.257917304654542e-05	1.1468882765005006e-05	0.0744672501205915	0.10514406365410825	0.0	0.08423222910953818	0.08794494388558449	0.04285208405627639	0.0	0.0	0.0	2.3069365678858527e-05	1.1172031407712129e-05	0.004793935709963518	0.17996617255043304	0.042328912714070466	0.2080272187418401	0.13306503675394166	0.0	0.0
AG_404_D14	0.0030626764076924578	0.0005529377237471503	0.02408397230437049	0.03404780170880497	0.009129382223479525	0.00034835359022136427	0.002608055018521538	0.05887876000355337	0.08001833132204626	0.0	0.0690389702462006	0.06843057983163094	0.05907852625585695	2.537739750500041e-05	4.638442235176313e-06	0.0	0.0015071866745313982	0.001365224050827164	0.012274042153544452	0.1984101026019043	0.04810702467337884	0.18718361951122064	0.13603048437035528	0.0	0.0
AG_422_K10	0.00154740214667208	0.0005197678742444223	0.023373469659106073	0.03479198179554192	0.004919520593439654	0.0007441536095701638	0.0007416038285557099	0.037460043410388805	0.07837319144834819	0.0	0.06943513204130883	0.07181377343793538	0.06788403157820791	0.00046899049633767226	0.0002941600450472395	0.0	0.0011568714981963937	0.0007424760353598512	0.007608339573192946	0.16556764115778222	0.05006758232414933	0.18839006554905222	0.16812577592353703	0.0	0.0
AG_893_K05	0.0001758373693698324	7.918834242670022e-06	0.010386793733658764	0.017509104745402272	0.0010811485489066247	0.0	5.097176509855475e-06	0.16071162069378783	0.13807888391950301	0.0	0.08808323221653479	0.11271104257537955	0.038772065160108046	0.0	0.0	0.0	9.731824149051979e-06	5.691109090931248e-06	0.003643684479532043	0.1465543180531445	0.034355280112857864	0.14686032171092522	0.10104822773689713	0.0	0.0
AH_321_C14	0.0028531631240829563	0.00026300020251585944	0.03666092646271764	0.055042210452095695	0.0026213561296622783	0.0	0.00841892994788721	0.00273667523917192	0.03389890380281197	0.0	0.022883576321610134	0.03689541897052096	0.04988182904625348	0.0	0.0	0.0	0.0025404747054128037	0.0018550811126340507	0.027763573160194108	0.22253581112453727	0.0829604702270267	0.15675596774216294	0.2420689958650657	0.0	0.0
AS9601	0.014800838859954583	0.0004370861012219741	0.011199063507093944	0.018024968881017192	0.0020912894414215574	0.0005394568792306492	0.001047244176959436	0.09815644262302593	0.13304136092289115	0.0	0.09401021570804424	0.09536094929108935	0.037793977895243365	0.0	0.0	0.0	0.0042658325019225	0.0010142628677984294	0.002480920969038091	0.1726759422959751	0.03583120368353349	0.15419976488524362	0.11098098573821105	0.0	0.0
CCMP1375	0.0	0.005747126436781609	0.0	0.0	0.0	0.0016772499064017273	0.0	0.0	0.0	0.0	0.0	0.0	0.0	0.0	0.0	0.0	0.0	0.0	0.0	0.0	0.00981700296716149	0.0	0.0	0.0	0.0
EQPAC1	0.11355976500518015	0.04220983287975161	0.08983495517426024	0.08115096417688325	0.10853687556529436	0.08455645562180791	0.09366967695262879	0.0012785063104183679	0.002919728682043479	0.0	0.00024507269438615143	0.0012290611800349284	0.021503845090472595	0.06420949225003922	0.06671332062599	0.0	0.07977996205752168	0.07329253049950504	0.014198246875336589	0.001806768829996527	0.00012155573590149748	0.0025051566758283084	0.02009286126306077	0.0	0.0
GP2	0.0005743529923994162	7.210546185267624e-05	0.01800539739638242	0.03025696028769481	0.0021299066738093573	0.0	0.00021824335856150345	0.03913482450518683	0.08220982999614572	0.0	0.06227542687003985	0.06856011550646482	0.047435308566280976	0.0	0.0	0.0	0.0002079429728779055	0.00023009541054712872	0.00368120202285748	0.20860337324832437	0.04477783876713558	0.20965519660103854	0.18197187936240064	0.0	0.0
JFKN01	0.001248064594011295	0.00027269230298085926	0.00449541218872344	0.00528336017019128	0.001432080294668988	0.00034007074782421666	0.00043005400588825985	0.29855195582565625	0.19589402338769005	0.0011573757800148082	0.04397036856212625	0.13036307355766052	0.012807751503899012	0.00040003287353904316	0.0002783542493861549	0.0	0.00033737907974743864	0.0002561594071339474	0.002317921650522813	0.08546348336449448	0.011059673674406665	0.06007527804179727	0.05473294742799229	0.0	0.0
JFKO01	0.0012908223219629431	0.0007599290121608896	0.011163506041791282	0.019929479662903996	0.002059008575119673	0.0010633099689377316	0.00034524635473362454	0.0938779587884911	0.14412155794460138	0.00557148022850802	0.07400963353167271	0.09885035096836337	0.035610315068932814	0.004454104945106739	0.0010258064795368857	0.0	0.0003709091629635271	0.00046985698607113446	0.00678462037788441	0.16867906151867268	0.030859785027712198	0.1462957315395623	0.10449085882764395	0.0	0.0
JFKP01	0.00760468435148643	0.0023934327180768823	0.008705254620294051	0.006931758118896851	0.0022147625914631396	0.0021067223536747406	0.0017191472378439638	0.24020712983846787	0.18504410365371776	0.0013796769712682573	0.04076848776658411	0.12479312077850739	0.013104577498890116	0.001225934788057893	0.0019318408768133279	0.0	0.0017933406979581158	0.0033236634686918403	0.007826162758519484	0.08522294980086988	0.010512302387791748	0.0632710664500072	0.04672094528908697	0.000882729449435165	0.0
JFKQ01	0.003080786993168985	0.0003581382124889246	0.0044629316773161015	0.007015680445433674	0.0006466684036936305	0.000244310801074042	0.0002822370068072937	0.2939281311415673	0.205207415971148	0.005062349989829998	0.04480866938517238	0.1471447342761169	0.011604579942278528	0.0007735599733748758	1.04523800330478e-05	0.0	0.0003464774508252617	0.000253068240457248	0.002818350599491336	0.07230161353511971	0.0071120826346831815	0.04573312479836886	0.04088563302628587	0.0	0.0
JFKR01	0.005299058790909068	0.0009042766357312587	0.003763267169622296	0.005088563019589577	0.002846939938829965	0.002183238036737926	0.001313531668866713	0.2875866923199462	0.19692739759054811	0.0004430211867849046	0.04436335209484388	0.1272031986097702	0.00878760290530762	0.0007602106717674427	0.0011936243651186282	0.003069215633031315	0.003210378492418196	0.0018761952758970584	0.0010495384625214242	0.07648338320725986	0.008597127305857584	0.04928733057623567	0.049642332085847146	0.005505139853287849	0.0005935261797728264
JFKS01	0.00011587094091496217	7.263346599653038e-05	0.010612022962890679	0.009792930620617155	0.0022186019506487656	0.0004930664205068275	0.0026595744680851063	0.11126536403994251	0.23556939088726414	0.004575481734296731	0.12662413141561832	0.14339633363652432	0.02025085937056706	0.001379930304881646	0.0008338216812722772	0.0	4.959777455896106e-05	0.00012829657642646712	0.0069975026357754445	0.10735485737462834	0.023538198086566382	0.09111869385011276	0.07435709512105357	0.0	0.0
JFKT01	0.0014887477243932024	0.00039643980811658196	0.008086477658220846	0.005799261682644451	0.0009504419219507817	0.0007148530232412298	0.0005902135174397969	0.26537463896825575	0.20880682995970118	0.005269330928643349	0.03584571063033969	0.17962678117268724	0.01228546888389098	0.0012001487279416213	0.0	0.0	0.0007239377202229461	0.0029450796286568243	0.000781017834060448	0.08307148699611532	0.007631130747675103	0.05290435002921021	0.05088078676495068	0.0	0.0
JFKU01	0.0014357655659992378	0.00037630481795089126	0.009336519908279902	0.009492865057069198	0.004732711771339439	0.0007005736573173262	0.0006027954914145237	0.16267459598953737	0.19247143956851312	0.0020213887942821243	0.06644448571392883	0.10289453998751005	0.01652234342109742	0.0002927813789817844	0.0002753841266832962	0.0	0.00037691997597844555	0.00046046623738495705	0.0018994489789688498	0.133903910271744	0.013722368954737484	0.10432618602107102	0.07997423074829217	0.0012774928435777542	0.0020889789882369567
JFKV01	4.616371559129457e-05	0.00028621088325208997	0.0028533185920462272	0.005966381244289625	0.000726449245852962	0.0001515022096220823	0.0	0.15019037310978225	0.25666919455703163	0.0	0.0775281801043808	0.1718340942332922	0.01655703211433587	0.0	0.0	0.0	0.0	1.0960141994206878e-05	0.00128396007825948	0.10709548504217893	0.014094126029661024	0.09288242486893195	0.0770716685819726	0.0	0.0
JFKW01	0.0008742353342810461	0.0003586004026948499	0.004436441776563235	0.006029649127917036	0.0012140674965724133	0.0001833132297552217	0.00018450264160875586	0.27332436296292084	0.21561194469041436	0.0012283702489312126	0.045007765732018534	0.17031185508478194	0.011102362543586177	0.00043733429447654693	4.436235600315144e-05	0.0	7.642573899592969e-05	8.170313783957011e-05	0.002821102226738417	0.06459699017172987	0.0061583469727361905	0.04569150388836039	0.04192516479937391	0.0	0.0
JFKX01	0.004295312586390469	0.000618496012827916	0.00320604392756458	0.006988062450728138	0.002552921141815038	0.0002405631571079944	7.391556244467093e-05	0.28464954065274584	0.19574011560064544	0.0	0.0400667584026788	0.13503557580511477	0.013479274314704965	0.0014028931683975165	0.0	0.0	0.001171961313974135	0.0007207165578075108	0.005012509651222197	0.07720775197238211	0.003664660614375488	0.048101980491360156	0.050102497417851284	0.0	0.0
JFKY01	0.0012290203456505992	0.00010758365712392526	0.006518170947234249	0.006690325828979974	0.0006727601414003188	0.00016425974507710867	0.00013731318868381206	0.2875183892448471	0.2103137244840753	0.0015194534116227524	0.03621996254499123	0.15654730018294902	0.007673422273327163	0.00055607085435679	0.0	0.0	0.00034827590770745493	0.0004964980497064419	0.003054944557493656	0.08344013916818548	0.010119987407500747	0.050885633487556876	0.044732451472488464	0.0	0.0
JFKZ01	0.0031099891776533955	0.00017236533116550133	0.005697844073656476	0.0037228877134475222	0.000478440205987784	0.00020290480708448923	0.0005998959624952229	0.28027569146730885	0.2392996403414647	0.002256536467465761	0.03885741413535291	0.18924264851194347	0.007238204591734398	0.00043437673001722933	0.00012985537087387632	0.0	0.00028655719163020416	0.0003289828409902077	0.0015790137540527703	0.053035581516418843	0.009143478687665057	0.044408231553045296	0.0341336059100094	0.0	0.0
JFLA01	0.0201237412790931	0.002952703499206575	0.019299687031198554	0.020560049447574013	0.008562814228079864	0.00528888635435017	0.006713573065160844	0.11030172022099455	0.15957056708956932	0.002219553603450579	0.09516851745030054	0.10357351623063175	0.042893427697908264	0.004789438049230446	0.0022148044290666	0.0	0.0020872626043570066	0.0017109067879281373	0.004388594578083776	0.12038325581016555	0.023512251776972578	0.09749017175768032	0.10402588231020227	0.0	0.0
JFLB01	0.00894675005353713	0.0013571766720520432	0.006095046402245623	0.008944894144409788	0.0020079641170228824	0.001596588166187406	0.0021781026733630636	0.25602990436196027	0.20737942042318783	0.0016501792096838444	0.0407256357030545	0.1616051396776687	0.007656464971106289	0.0038831955625534633	5.833037217504199e-05	0.0	0.004236346286900992	0.0057590120929078776	0.004527390651785177	0.07070020051651664	0.004470106166611708	0.05060909861331297	0.05025510579059337	0.0021448487796141514	0.0
JFLC01	0.007363463810811854	0.0004206208915848927	0.0019208506219077748	0.003272523528224024	0.0013367393612039615	0.0007180078379977983	0.0010551863121767262	0.25703595324835565	0.22123478584062958	0.002995747044238999	0.032103364078678955	0.1742235522226132	0.008406012035499705	0.0003170950641580066	0.00018668527483169095	0.0004866682451852913	0.0014728324265549917	0.0010023506530632146	0.0030254692225595422	0.0698032012497817	0.004980666989320248	0.048568323644915166	0.04316707162983251	0.0021518634942360774	0.001639854160527388
JFLD01	0.002903897572178977	0.0008052246626939915	0.00577016723273014	0.011840938080641608	0.004300522300912424	0.0006474642521049519	0.0009423394047776914	0.15105738171300181	0.21777113125572295	0.00022359807897418227	0.052068313838729965	0.10230220798192928	0.013636250907798846	0.000172652086533099	0.0008209176951645529	0.0	0.0005372822811302363	0.0007269086721348638	0.003244446426521426	0.14310208905155708	0.010792163690159569	0.10016838610747629	0.08421169371862028	0.0	0.0
JFLE01	0.011257652808630588	0.001108693251648965	0.009403451941038046	0.013347335350680906	0.005155187708441328	0.0029507993119018182	0.001404409889739375	0.23949803993079066	0.17148754742350203	0.013246071195474343	0.07956613394318325	0.20880541450417525	0.028045778058533522	0.002230457819008897	0.0007362660168227606	0.0	0.0012009333744511196	0.0009018972071476398	0.00534543253082406	0.08187914199038987	0.012604967836956657	0.05629904144314295	0.039700461670889205	0.0	0.0
JFLF01	0.003201724117618752	0.0006077232250886943	0.0055709566263151215	0.002734624486823935	0.0005537841007788674	0.0003704531376015846	7.737204613683032e-05	0.24984140372801775	0.2207506800830457	0.0027538079270643025	0.04145611709352535	0.1577929171438134	0.0060855697662659134	0.0006279667571352801	1.622860184494786e-05	0.0	8.170149513467893e-05	1.9022142983433094e-06	0.0021398205499831143	0.0768987251407218	0.005946576469177729	0.045037037753128825	0.0486450524799707	0.0	0.0013568746643515168
JFLG01	0.0023934589389262794	0.0005796828816297914	0.010195093414497744	0.01227080620345265	0.0030365103035272832	0.0006873510681691129	0.0008827476480493517	0.11352722484028901	0.24400822939583672	0.006201537942891564	0.0988615030067638	0.12066402300306009	0.024266041134269088	0.0008650479630600062	0.0002471284489961558	0.0017504885500399686	0.0007121741462036487	0.0006000304818878729	0.003024691190877582	0.11466185111300162	0.019213406069557227	0.11449267061140248	0.07770576944015313	0.0002732556880749505	8.346499705823708e-05
JFLH01	0.004572833833771373	0.0005278727282698448	0.005715374594751218	0.007271449849057904	0.000803296460617428	0.001104393158481671	4.122848507933442e-05	0.27995899752663395	0.224236583838009	0.0	0.047452839103065476	0.15309461909656422	0.00960712804882406	0.0	0.0010753170711681858	0.0	4.274192712333403e-05	0.0	0.0009104374173203772	0.07838470289772796	0.007992916624176916	0.05555268315778957	0.04645133214904787	0.0	0.0
JFLI01	0.00803650559930394	0.0009730268699096725	0.006054952892007038	0.00485694543856452	0.002254189799187438	0.0010821166965722412	0.00042095239113272147	0.2823214404025546	0.18643774045325828	0.0018172683361082815	0.04874913475345295	0.1275226897663367	0.012101879370514641	0.002597432241966579	0.001046610451322679	0.0	0.0019134112371490702	0.0005295583268910266	0.001999837536085546	0.08142108667241597	0.007846244297678662	0.05791366819457	0.05376997493968408	0.0	0.0
JFLJ01	0.006585163141650134	0.005516471865346046	0.052084166149305715	0.08317318321474541	0.011129893256295311	0.009628794517684808	0.0043103603343062164	0.03023881060518206	0.0952555858124334	0.0011442727937458382	0.08903660882150032	0.11094197798717484	0.13186499938262475	0.0030221187929041714	0.00210503616706468	0.003480554833006752	0.0016015571946154678	0.003034568926514279	0.010418391745770451	0.07039216417520232	0.051902774640578346	0.0834797384820775	0.12457930305921455	9.223069281693691e-05	0.0
JFLK01	0.0014315772359469975	0.00045937779284278623	0.012726437032349661	0.015214660155539817	0.0032970872114796755	0.0014884477219445052	0.0005207875589726248	0.10182941733218331	0.17573359321287874	0.008782034105646923	0.10900749751403421	0.11139821192917387	0.040628688934307454	0.0013765197662811504	0.0012887117113061163	0.0011943040344320052	0.0003840593468283394	0.0003633657417888619	0.0025922378478298144	0.11955012035358663	0.017651047684756702	0.09450280091005045	0.11073519442728366	0.004798380149032917	0.001952192701098357
JFLL01	0.0025067670076765534	0.0007255376402378786	0.005476571491458633	0.007112223760339172	0.0021296457001885745	0.001521881049300636	0.0006242636172566483	0.16152566808615507	0.23374457703422588	0.0040166531589538555	0.07187867864074973	0.16192701200795506	0.023164621989381615	0.0008377823421844932	0.0013934470541360079	0.0	0.0006668598634564469	0.000667249263863592	0.002416786600091441	0.08875321820921053	0.011283652436764094	0.06977881142764782	0.060761004531679125	0.0	0.0
JFLM01	0.004690462621918877	0.0011833277008967238	0.002462047703649846	0.002612551235657628	0.0012193073755832331	0.0008900610697861668	0.002111321861168184	0.33998984761257656	0.20116894286516776	0.002952017062495232	0.04104057434171244	0.14438499096558102	0.004180602070131747	0.0001682781396143237	0.0005534907905172914	0.0	0.0008663834218713687	0.0019092088487560977	0.001415084397338371	0.06971563711455586	0.005488081883459125	0.04840068468665669	0.03801965771438108	0.0	7.705578838922815e-06
JFLN01	0.0010992782941541329	0.00036810015613631953	0.002704945014454336	0.0043818860148069514	0.003492260130974945	0.0012395709365453798	0.0019434282918528124	0.30428255589452435	0.2196633402426061	0.0	0.051407177090606465	0.1839749021694944	0.008130007114485143	0.0	0.00036557982725466217	0.0	0.0011005648176016195	0.0005450891446283912	0.0028997855805085473	0.07324204638820535	0.007575168235671204	0.04728109177427151	0.04139102744935386	0.0	0.0008953887091744451
JFLO01	0.0033622015330842516	0.002149314247914572	0.01116613648653197	0.013772619991188747	0.006018866400300555	0.0005342826128983874	0.00551031062843276	0.1490557682355409	0.19490693073618798	0.0017272929754489868	0.05854754293160552	0.16114984207501915	0.012500023901925707	0.002431132713040436	0.0014178280505600701	0.0	0.00418669865440158	0.014036152968074905	0.003041992482055101	0.08748636447112589	0.008649800591333148	0.07116404141734735	0.11542209892005481	0.0003341855473557491	0.0
JFLP01	0.0026982976968589313	0.0002649271594289592	0.006761951900776273	0.00423484806145114	0.0012206359006022946	0.00024824881215142387	0.0002553023225333843	0.3315121096078184	0.2129164946498688	0.0011439731800578826	0.03077374147704382	0.1480903563442299	0.007428761916658811	0.0025587850665682076	0.0	0.0	0.000328245497378518	0.0002622902812017361	0.0017063884216889566	0.05959265132075974	0.0067403179801880896	0.04022482699231605	0.042122982038077204	0.0006273062408014249	0.0011791191150111338
JFLQ01	0.0007675240740587627	5.5955116902296425e-05	0.004520487827454249	0.004779572551088795	0.0011571727607146334	4.8770114642470676e-05	0.00020921729433332257	0.1725991084110068	0.24157368951335956	0.0027780943819003937	0.07056022851220393	0.19160839455797893	0.012025477320259692	0.0016369843894568185	0.0	0.0	0.0009612543005345884	0.0005662304876748468	0.002377250880010497	0.08017902822587167	0.00699865912499656	0.0776159955159849	0.07787376178242345	0.0	0.0
JFLR01	0.0016100589492339672	0.0002699598317989182	0.00765298329984746	0.007512986365095649	0.0027585936959592314	0.002572640828990904	0.002303663394325772	0.22864140864093516	0.21150691863914967	0.0033099837598491726	0.044144331894993886	0.14922118467652934	0.013460945023214089	0.0007881299563567469	0.002581514829166523	0.0	0.002727302135847106	0.0013235716998249926	0.005170726997748153	0.07403251375348067	0.006999307832377174	0.0506529926751805	0.04291366959127285	0.0	0.0
JFLS01	0.0008428908420028627	2.2082492844353025e-05	0.005566633664673364	0.003596361752414105	0.0041921100414651444	5.23947118619703e-06	0.00048324356027190245	0.3373476955687264	0.20111515582004447	0.0	0.03236899127193231	0.13044054844205205	0.006020478061956213	0.0013004527589026438	0.0	0.0	9.191572116271984e-05	0.0013807733944813788	0.0012603098245053054	0.07691389158813185	0.0014111833049600614	0.051075784528105725	0.04456425789018091	0.0	0.0
JFLT01	0.00439262907750082	0.0012942254434622456	0.013125704632833359	0.019147884490247635	0.006140298937649293	0.0030264805952513224	0.0015475556834953351	0.09552453307408862	0.16034129833358887	0.00714016696075283	0.09768536916837504	0.09208443883682307	0.03872545786340933	0.0026070253140279124	0.0014870281316510163	0.0	0.0009554441629497216	0.0007384588306651818	0.006010360326824806	0.1533546746263806	0.030039376732946783	0.13073901292445797	0.12000368696372934	0.0	0.0
JFLU01	0.0035755742357087886	0.001730015340744511	0.014016126075873275	0.019086718368132936	0.0050718491248193335	0.0017806205826440713	0.00195751055670666	0.09991618861812086	0.15919315022160554	0.0047657545708378836	0.08186494360281203	0.08637916061764912	0.042163374747114866	0.00133380411348074	0.0008842034482458355	0.0	0.0007894919826764013	0.0007566051471851257	0.006776379359125037	0.17079775740969003	0.02546368362572779	0.12899304147477392	0.10135344521941811	0.0006529271383025067	0.0
JFLV01	0.00123575804909325	0.0004786392271366135	0.005466819032702087	0.008724337742510689	0.004471125179309404	0.0023019818010426686	0.0011257536839280231	0.27447571832254947	0.19234529240309803	0.007634920865805091	0.04608019944707128	0.12735757783266416	0.01532816108905503	0.0017289387170381406	0.0009914806682621417	0.0	0.00044313498010435605	0.0004988577057952154	0.0034788206481387463	0.07353778350930423	0.013977916513199866	0.044898324653247605	0.05220633671682265	0.0	0.0
JFLW01	0.039787003259750875	0.008198663512395241	0.0025982843572990026	0.001678531052687556	0.00041346660095977936	0.0	0.003967330603695953	0.27611549455901585	0.218954204196906	0.0	0.03874556646621176	0.21800914522936074	0.0035833742994587194	0.0	0.0	0.0	0.00042118978380896574	0.001661496722181033	0.0009697779297334737	0.043877845376462034	0.003973379665616839	0.038499848327723504	0.046632829750721645	0.0	0.0
JFLX01	0.005082851643269776	0.0023943519722958817	0.011282510885501007	0.010533115041407484	0.005821341918035995	0.005466962256010409	0.0035736148322815	0.13181460335890585	0.20383495185015002	0.00496923836170381	0.07072584281304238	0.14194527916162125	0.013803317053525008	0.001575874187224162	0.0022252549912312263	0.0	0.0008678150148801383	0.0005097524405477436	0.00330353570464902	0.11880789931420004	0.011273822393475874	0.09262187329873461	0.09246202484064014	0.0	0.0
JFLY01	0.0009578652584012432	0.00019470760540387213	0.004920578736003712	0.004604393475977921	0.0010043693968980996	0.0008747661805673382	0.0005474515549579366	0.2637893434364536	0.23438525134973254	0.0010466301702545526	0.04498393994809627	0.18007164529568362	0.016740351685533734	0.0013523480213948331	5.093820925146993e-05	0.00020371378985834863	0.00043737573284875644	0.0005203260166502935	0.003100109191851154	0.06105516379118297	0.005007594367789039	0.04666173080991835	0.03170515762633201	0.00042932031556173534	0.002449522627991216
JFLZ01	0.007510336002017281	0.0018438781031279992	0.011320465130326774	0.012704551556914336	0.0015607014225441163	0.0012143613856540857	0.0008916541768648489	0.10271139137422361	0.21273607449021675	0.012203216709239368	0.07679197565372081	0.10392013203272596	0.023907408117404164	0.002313249613013092	0.0005956288928010959	0.0	0.0028823178002231964	0.001489997810093899	0.00561472857264905	0.15399508941554718	0.02210026924244853	0.10564645685308628	0.09006494275874424	0.002644651261602189	0.0018926713574315196
JFMA01	0.040237243236255146	0.00531606682771497	0.006885967404608771	0.007648349740459296	0.002476138231227579	0.0003196764718910296	0.0012405051965938467	0.25160966936895085	0.18969821435992804	0.001613740442836985	0.044925323596342624	0.11919385844551182	0.004565628961013828	0.0001685392525932154	0.0010954863242448097	0.0	0.002342833941614897	0.001636690602664892	0.003099164287257238	0.0773897345939589	0.005845758516893246	0.05535509732464329	0.040074415864283466	0.0008132988776701003	0.0
JFMB01	0.0017746279268772535	0.00046862011297865426	0.010799199405391627	0.014219420367908629	0.002449915958805855	0.0016205014216279445	0.0010083147845135504	0.09174525784818198	0.19639886362207612	0.0025053728635968573	0.08936620735854459	0.07948899175556404	0.03363408414974035	0.0015618396070961407	6.122845558699236e-05	0.0	0.0006266721428721095	0.00292118468049219	0.0035247292144735863	0.16344296697325	0.02815767217905549	0.12911577105263827	0.09562567850889545	0.001494006775531479	0.0012760700661347284
JFMC01	0.018637834091680034	0.00837987573082085	0.008028340598022238	0.008258023287305903	0.00468323593509589	0.0015481350989701977	0.0037136572988692167	0.15440798623701302	0.22132122641344631	0.001269785813846336	0.061564506554254876	0.1762606014847742	0.010861733003297822	0.0004601080766723303	0.00018237911824945917	0.0	0.0019038104406695216	0.004355266591621301	0.002261860899859021	0.09356383648259288	0.008652553091395041	0.07828299840143897	0.07344205446904005	0.001959867270545242	4.3644910158249567e-05
JFMD01	0.005886925074427809	0.0013750921684247412	0.008398381932947712	0.00657433481177329	0.004473239422257635	0.001736968057378857	0.005796932810490155	0.2422320775391594	0.26534248441424	0.0021112875555485077	0.05478926794349037	0.15390746702238714	0.00884445317439797	0.003225679789437154	0.0033027638986433097	0.0	0.004780659841319968	0.00476396352702775	0.00348461918282841	0.055261418575040896	0.005180988496083497	0.03704317584609909	0.04144141520429929	0.0	0.0
JFME01	0.0020172626902689554	0.0006194116939154027	0.006782472328059032	0.00893775556251255	0.004084337401610624	0.0015655199540567726	0.0009264894641864053	0.15994825561051737	0.224445197356051	0.0	0.06259117360348933	0.13444962725403897	0.014312226171121625	0.0001617296437875908	0.00037815701600739696	0.0	0.0007467598409620766	0.0008721408343108772	0.0031756730394346326	0.1207001806036481	0.01163024201920328	0.09568903276771797	0.07539578457452945	0.0	0.0
JFMF01	0.005894901577735998	0.0016363178869440082	0.016509523380133312	0.020124633115677252	0.004585331092978591	0.0016429012024182087	0.00030373743484733625	0.08790470552753858	0.13580616184742278	0.004960438881312935	0.08603869597436181	0.0909705968109532	0.04971408949426771	0.0015058446600637776	0.0012830771124204146	0.0009701957270868289	0.0008024135120359838	0.0002845666030410601	0.009841606458975128	0.1704614860570684	0.031071936760409542	0.14021212660572552	0.11826283092122132	0.0011032294438914853	0.0
JFMG01	0.009255730397455244	0.0016624039251528278	0.003679732237213243	0.006714275367171208	0.003300583459377168	0.0016640274905105903	0.0018817735751705887	0.24884380356660066	0.20660114658767256	0.001245186773600745	0.052119403863823945	0.14700246010145607	0.011656481122873059	0.0022495987447392002	0.0021697421929507714	0.0	0.014024978280331859	0.007106024278961644	0.005265835278465578	0.09058162054872039	0.005669318287963499	0.061858709418974984	0.05275756086458066	0.00042776546929630487	0.0006854834871342552
JFMH01	0.0029415087692018682	0.0010784375532472278	0.009414318165594241	0.012609889346888486	0.007045963528107298	0.0030970899248097886	0.0018637685854893096	0.20651585101130202	0.14782504156303494	0.054907770965122164	0.07677524674253328	0.20043780914956444	0.0369052504854816	0.001195520482423241	0.00127884518431455	0.0	0.0018224392378259544	0.0016648654358197526	0.0036200643248870705	0.0835115802498208	0.011130361181598016	0.04253795903066005	0.04424573379891323	0.0018429779662875382	0.0
JFMI01	0.001206532494718964	0.00024511116948205876	0.004957079719940969	0.003320607493783009	0.0007430741554935782	0.0002456053827643766	0.0002069094613383435	0.2777796670980373	0.21466927174799716	0.0	0.039049043794350626	0.15118669258373585	0.010417729622808208	1.7832334456936787e-05	0.0	0.0	0.00023422594253836654	0.0007698067552533604	0.0019126694083774888	0.0905304513012007	0.004658019315285615	0.04725848467534032	0.04280675440537217	0.0	0.0
JFMJ01	0.0005979790268230494	0.0002344946350974911	0.007559496634096715	0.005975100455961891	0.0008465038916199993	0.0011752741369943274	0.0006422483039324703	0.16244991212756735	0.23074444649077594	0.002462849653101116	0.08802425897375137	0.18838524985967947	0.014253915367825809	0.0002460070811852094	0.000308059495053426	0.0	0.0015450505417872538	0.0003448124742475921	0.002666184678331039	0.09251923208840791	0.008418708080133537	0.0713526249010926	0.06678857470909179	0.0	0.0
JFMK01	0.0009173011550349006	0.0004068147601607342	0.0071905736872733585	0.01489591540026123	0.0024526152479554288	0.001012652556423295	9.50034037137612e-05	0.1202400694230012	0.24506397215323258	0.0038212515352395978	0.11206647572430953	0.08153010337512309	0.031618450752408066	0.002710792042180445	0.0014312293789153477	0.0	0.0003979494369015314	0.00011926582643719292	0.004717494065957057	0.11990702741354473	0.018893006935389468	0.10702114936225024	0.08111800500835503	0.0	0.0
JFML01	0.0011927159038884784	0.0001629663510764104	0.011022750946106089	0.013862558312701658	0.002553242516095244	0.0006550802061605889	0.00017671105595049155	0.12759527755869476	0.14536417673736945	0.007776003525125165	0.11587363546953526	0.16854289069528816	0.043843683635873695	0.0024448456633528333	0.001019960586211939	0.0	0.00013786537542364162	0.0009330954688437451	0.0048324120993727335	0.10009813596295175	0.022659769597280943	0.08551420368239403	0.11976541591057688	0.0	0.0
JFMM01	0.004222776941603206	0.00038201933248751754	0.008719014129214936	0.006247730970645808	0.0017327636805859832	0.002262792491889146	0.0013286829125533028	0.15103688393179118	0.21065183672002546	0.0018775482535164651	0.05634774685158281	0.10970947503246095	0.018112246055047042	0.001301833648323316	7.339193608354899e-05	0.0	0.0005018331091683654	0.0012269282154269926	0.0018518260220279181	0.13209666265877743	0.015466066690496457	0.10277883011574929	0.0894439916564751	0.0	0.0
JFMN01	0.0028714328957117913	0.0011332002748169392	0.009811966941902544	0.013706089048944783	0.0029737584386018436	0.002162660296477401	0.0012214305334483245	0.10737386134912826	0.22267438205909135	0.004700583241261465	0.08063529966401331	0.12063825619605853	0.029320157788557222	0.000979743367229257	0.0005080303316087666	0.0	0.0013106941673583735	0.0013614376595494624	0.002605640682248251	0.13851868307101087	0.021810593321555292	0.12779241580732892	0.08500703864545613	0.0	0.00041480796133098574
JFMO01	0.0040835335691049	0.0005450474813062951	0.005515901417831649	0.011070514802845939	0.0020645015126078223	0.0007629590723176873	0.0016496691807092218	0.16544041409137758	0.19735270415996814	0.003764615099730412	0.058704820800079834	0.11569211153960043	0.014871496512250821	0.0001533754197142014	0.0005932176598608007	0.0	0.002005335797263374	0.0009812136155146467	0.004314510722974868	0.13145146051398018	0.0140133030291522	0.08368547391930936	0.07292468695556462	0.0	0.0
JFMP01	0.0020267046985712896	0.0007285854311976574	0.004746502263901044	0.006535902399243401	0.0045208454194183454	0.0009874050493922923	0.0008804881240335236	0.21592406572473216	0.2506158305426643	0.006237983171325586	0.06657937702997938	0.1448107152561289	0.019862270240352767	0.0013428428933925463	0.0011673928804688495	0.0	0.0008370756502326797	0.0007198820495616167	0.0028316794182287916	0.0824247395091926	0.009596045972192288	0.06238254576623389	0.05526395358815758	0.000478270674157863	0.0
JFMQ01	0.010367909600384303	0.006015067294131386	0.0075540916678314834	0.008322842664739932	0.00671132151329018	0.004454448889183918	0.0038246196604707124	0.2199218035018857	0.2063254866329874	0.002648059765209022	0.05301400622784561	0.16292300859450795	0.011713998405100854	0.0024847759996118675	0.0005604268529315488	0.0	0.00753641786372442	0.008394564294207261	0.0025904722932896954	0.08419827202481399	0.00926469247406241	0.05826364871039873	0.05439694553586389	0.0	0.0
JFMR01	0.002249496470829337	0.0003104734202814851	0.01157025770863774	0.019052373133180093	0.008899938742653121	0.0015921224202390854	0.006252321368370688	0.10019148478466926	0.19014144556349016	0.0021305894615882286	0.10792079952858684	0.13055772747236738	0.02829822003823614	0.004740052534695811	0.0022522522522522522	0.0	0.006406327557963499	0.012105223657383953	0.004140055437292632	0.14532787775078876	0.016525298138738587	0.08908003783651235	0.06521057967619759	0.0	0.0
JFMS01	0.006385131851325124	0.001828862255744147	0.02375722988849961	0.026685961925758842	0.016626679198025886	0.002537226831653154	0.0044129594873751656	0.2301830094002041	0.1849160754681247	0.0018841202786311682	0.042835210679605724	0.15099676605209	0.006493784305184641	0.0004643450247754613	0.0	0.0	0.0009430018906355682	0.00032987769184504557	0.0010398435992575027	0.07431565257837165	0.008772712646163448	0.06003530499258079	0.048922441137246864	0.0	0.0
JFMT01	0.001002770460402803	0.0008033014131939469	0.004922035560830223	0.005958564539023508	0.0012710471785922124	0.00034306242777377863	0.00033349426526185685	0.24841481357785755	0.22703068344357746	0.0010277946822652038	0.044306279867865436	0.1619734124850317	0.005423427437424373	0.0002977430241405443	0.0	0.0	0.0006796697791397061	0.0002728236055694585	0.001885506355283052	0.07259598699407982	0.007363095460109767	0.053993236111353544	0.03388765909821431	0.0	0.0
JFMU01	0.0005417531188272177	0.00026505966751434897	0.0030205118306724336	0.003397217644133773	0.002391966347630336	0.0001917147036618751	0.0002931376447421845	0.3028762926563182	0.2070207949530374	0.002621820943147383	0.04554427345781676	0.1356136717608463	0.010958154958207587	0.0	0.0	0.0	0.0	4.26648513435275e-05	0.00048546494104522196	0.08863087133155977	0.0046849010085274695	0.0577951199904643	0.040728433327115905	0.0	0.0
JFMV01	0.001031979274283336	0.0007581822961376255	0.0030074004165847423	0.00550814659645106	0.0013636341201609115	0.0015462598876708608	0.0006136941204699136	0.18116936854906776	0.23614797924186312	0.001415979486288407	0.06941363661108184	0.19296301540125402	0.012744177890222808	0.004724927658914016	0.0	0.0	0.0036743484441809702	0.001410645500140246	0.0014458067786901096	0.0793122092642853	0.015403270754947419	0.08161828887468595	0.05375440179131409	0.002122072328661767	0.0
JFMW01	0.00304836234900375	0.0008659154001352117	0.0054897703567429535	0.011795710927857436	0.0022417118898955617	5.062734255001323e-05	0.0006005859451976868	0.13694286697608968	0.20637096379037875	0.0018081283388909943	0.056872387831749784	0.1114001370103377	0.01635525797014782	0.001725678763055947	0.001414229104850955	0.0	0.0003738801857407583	9.943020164664888e-05	0.0025790075831820416	0.14380657535521665	0.011646494339397956	0.09545153968939829	0.078798729914909	0.0	0.0
JFMX01	0.0022432593692976264	0.00019060560023617204	0.0033688380753924734	0.006529084813836753	0.0011527687903815473	0.00010949838745079938	0.0005686751936332115	0.27385054437536815	0.215242854210998	0.0002559871579651609	0.036496729315919366	0.16360857012434982	0.0035702220384402138	0.0017045270720607098	0.0006660049089933758	0.0	0.0007597710801306246	0.000657022977848302	0.002094161458454534	0.08851137004611992	0.0031829278832957502	0.05855165182193267	0.03823932944297249	0.0	0.0
JFMY01	0.004415730407962808	0.0006996050904302917	0.006860200487110745	0.008768673634284688	0.004100025814573038	0.0008069782454910942	0.0007813894026231907	0.25954451415445906	0.18620403743814848	0.0033945985585570582	0.04218990094388194	0.1237312297138295	0.01780388948444881	0.0031205845868309398	0.0007934581887840698	0.0	0.0017581831345303968	0.0004671242633524253	0.00487024812745381	0.08701081600371458	0.012648859269362593	0.06503744269596307	0.05462461737761881	0.0	0.0
JFMZ01	0.0013381692116543028	0.003093000693273735	0.004117490209482276	0.010784695481241216	0.0037477947243576663	0.0004485659241055965	0.00047621864048007033	0.1457193319184298	0.2308504912181665	0.0	0.09379618862445398	0.1718751880563707	0.0173368378601389	0.00022403011964803202	0.0	0.0	0.001428479207771224	0.00025202322017934176	0.002026182873251675	0.09837463456430051	0.00757762086746486	0.08755174343149356	0.07991881315373604	0.0	0.0
JFNA01	0.005181609970461579	0.0013285465767194473	0.009469813448529874	0.01827475754291778	0.0070456239133318685	0.00297155252439893	0.0014399065785739823	0.13687772470114226	0.18835574923311812	0.0	0.06021143653200597	0.16011585123450064	0.018133064253896	0.0014652750193965608	0.0013934159212835313	0.0	0.00072062609043946	0.0011534574126500204	0.002084255264722409	0.10688971526904101	0.009776576118302077	0.08203710389740672	0.09054424204868412	0.0	6.715573186527856e-05
JFNC01	0.003974481530911308	0.0012714051679174683	0.0068563937120949435	0.006523563853143113	0.0016150141721374734	0.0013931369791747496	0.0009576528880607576	0.24782902841724602	0.2100003004948832	0.0009729408182355951	0.04220547522087899	0.1393555700140719	0.011005144521208553	0.002023023626756626	0.0007354130259637123	0.0	0.003214288095336804	0.00042855732200099513	0.0007984687542711008	0.0675447285935052	0.010579828699412895	0.05179291494916577	0.04774619855538751	0.0	0.0
JFND01	0.01811586705926832	0.009247112722241678	0.00810801489790356	0.010308946569643939	0.002863480974306002	0.001347134902258403	0.005880295446652877	0.0904563392878828	0.20411781889496297	0.00038726780141821126	0.12600422332541245	0.1378016009954746	0.02599351378737192	0.0009423953819132032	0.001410783643919581	0.0	0.0048230619797707845	0.005323563026611731	0.004630434188402285	0.10596027228307911	0.018031131634737897	0.09145798836912544	0.07811618645596083	0.0	0.0
JFNE01	0.002511153710110421	0.0005688290533267024	0.005893135773141917	0.007629784107235192	0.00221635157555126	0.00023398174468987467	0.0008125934525513389	0.1534728650655129	0.2231316989118812	0.006600281824849127	0.07092006165643386	0.15768245837785866	0.016859999281045573	0.0014406486760261794	0.0003380733584317775	0.0	0.0011192731601842648	0.00030673573746486715	0.002076079641501427	0.09858855219854246	0.01402587516318503	0.08498772550964598	0.06667161487669167	0.0027949160957629017	0.0025308777879815385
JFNF01	0.0023113219857556926	0.00022376520800424028	0.003237378528755795	0.005501288110435149	0.0008656123355879565	0.00011931554378291483	0.0	0.33105931505167085	0.19534805846737435	0.001258113956453339	0.04063930280901121	0.12858848714568086	0.011382674482932786	0.0006914255564927347	0.00023999313280778796	0.0	0.0003393593918693337	0.0010065796866176	0.0020362389636539007	0.07054623794477927	0.005731547414052301	0.04789850618305811	0.04715034148920197	0.0	0.0
JFNG01	0.0026911146326286887	0.0002976750440005983	0.006597125734552559	0.013945730627823815	0.0020707913819149114	0.0005644865087852303	0.0002916982603182051	0.1454658354145952	0.21090111938937098	0.0019109210320261596	0.07322321073157807	0.09928640015363545	0.025097321762069108	0.0028866821812452486	0.0005300456978479813	0.0	0.0008424046080239549	0.0003411394763515433	0.0037052317574673053	0.14243297249959455	0.019879904613198496	0.1106364257870959	0.0875409519849772	0.001588083448171592	0.0
JFNH01	0.0035064962758372207	0.003127207311099227	0.012854616680970406	0.016557293449445332	0.003680106763198827	0.0017262210782226562	0.001825821740070043	0.08877694814090385	0.16228742512319963	0.0038243262451468515	0.10343825231382384	0.13883780673103302	0.04131348175222902	0.0011110210437971554	0.0034662901023900607	0.0	0.0013835883636903103	0.003411335438067432	0.004829549172309986	0.13374275465468197	0.02737560840732568	0.11844273991878132	0.09693551805833776	0.0015455912354383466	0.0
JFNI01	0.0011781247952996955	0.0010480477688428066	0.007510776228624405	0.01474411580642602	0.0021323636473283528	0.0007178235503455719	0.000388416530152484	0.11107752019710086	0.22401474937502847	0.0	0.08733674795770678	0.10144980943498366	0.018667842699211467	0.0003445649480690123	0.0001596838906844062	0.0	7.130719499920207e-06	0.0	0.005081753593689842	0.13981897985180744	0.023525511280845044	0.11532527538200105	0.07650524510097344	0.0	0.0
JFNJ01	0.0016377195386622768	0.001602816344917441	0.007928070978872555	0.01061898502527787	0.0018816380748295591	0.0006194244140506965	0.0017482402845284452	0.21532911155434173	0.19767782042351417	0.0024599299055222982	0.06777303126562649	0.1343762870861851	0.025285331224928195	0.0009892979408189313	0.0006911794854647993	0.0	0.0026944932251247553	0.00028504020786575187	0.008014780000757248	0.10498515335738398	0.013732381099231417	0.07104688507355819	0.07274845798710546	0.0	0.0
JFNK01	0.0012724396948919803	0.00020989722331778515	0.003948761088649204	0.0037167552272149846	0.003201981057852652	0.00021926371333140648	0.0005928696718966863	0.3050680127044441	0.20452494537633986	0.0024362204170292638	0.04966964475052404	0.16189983806847608	0.013536460422595825	0.0008052379115575263	0.0001078141716083661	0.0	0.0012124009113884577	0.0004775154085237345	0.0011994945537112949	0.06538863512899064	0.007277129819458239	0.04785772643922866	0.03807944516462049	0.0004087754141909082	0.0002659286426139304
JFNL01	0.008669984296137584	0.0023169186700143737	0.006583777066162465	0.006235377837496222	0.008365311560433861	0.002834299254348356	0.003258191828463547	0.292620157990279	0.20716555580731622	0.00261305026786876	0.03614628575877297	0.1480940503300375	0.011394106992962384	0.001195024453479318	0.0031923535839920125	0.0	0.005074378756933324	0.0038425893559556664	0.0009827637797785963	0.07399879197551888	0.009581658607729152	0.052639414996978	0.04197035271363305	0.0019415394505816396	0.0
JFNM01	0.0015827047780542828	0.0006633277344256345	0.006873414800603582	0.00851147180939568	0.005685050008593694	0.0005260275249764382	0.0008280759078842367	0.1548178691448774	0.23117531422299312	0.0017779239653842155	0.08332291712966784	0.1744542357258631	0.015353018224840113	0.001180163611767039	0.0023549554763294	0.0	0.0007863023210029009	0.0008834925788439197	0.004220096032781849	0.09378243627264629	0.012683497100961793	0.0820938796326327	0.06349677318503108	0.0009990008623917083	0.0
JFNN01	0.005500727097322162	0.0017156017310480459	0.006336466651488604	0.007981337469606747	0.0018548630555235953	0.0035470534517761582	0.0012830465992410033	0.16064250204419891	0.2196466202017114	0.003875924032379532	0.06325209581615793	0.11236670873551792	0.01286076436880159	0.001253526466711212	0.002039678794914924	0.0	0.004399628994116771	0.0022890399329892883	0.0025563326707767086	0.14349212335247089	0.01507255362009363	0.09706367227281076	0.07045100065186959	0.0	0.0
JFNO01	0.003519425421522837	0.0003870241907318419	0.004389542917914303	0.005135434986884178	0.0028096800415077696	0.00017172343246270547	0.00026459843748404183	0.26152674991820546	0.18891598417141764	0.0012310026798854387	0.04224778551432883	0.1647877184576832	0.009625316056555323	0.001712411741327036	0.0004929402673786062	0.0	0.002496694216389685	0.0005651424184999288	0.0016697355281286284	0.07149171928457182	0.00445075839565733	0.04915677143431212	0.04437506146093409	0.0	0.0
JFNP01	0.007732978114255644	0.002145698031176871	0.012253364962846276	0.020935375943757804	0.0035543624819374055	0.0030032398782436982	0.005430836204205395	0.10411685054354586	0.16609390092896165	0.005251355440879233	0.11109803586999466	0.1211294075974338	0.046959001902312406	0.0037983153999229303	0.00010238033229965424	0.0	0.0056334729242254345	0.004155891399799864	0.005344240150021196	0.11266329984490085	0.019649996772963148	0.11036555461800156	0.10844369889021988	0.0016035673654923636	0.0020062487827677247
JFNQ01	0.024846497414226756	0.0030122012674972916	0.01618358606457448	0.016210998651282605	0.005958625958192117	0.0034189505227425676	0.0022425630247316273	0.1967803498420159	0.15639509826847628	0.0016549885523902026	0.06154961984715029	0.11571064128431237	0.025763425283814173	0.0017391180450686359	0.0002741329515948917	0.0	0.00443970746620972	0.0020904215218742455	0.00602464816307324	0.11630678493226604	0.019466357677815967	0.08570577734980737	0.07537152187139341	0.0005622147930897554	0.0009477048600821891
JFNR01	0.0015124486848574299	0.0008391267758288463	0.006119301755818378	0.006812711279243378	0.004411503747643838	0.0017461127456466624	0.0014699687052356894	0.24533910410093895	0.21623115893992037	0.0028445997867301916	0.055043278032762356	0.14777261072888714	0.009600575745963196	0.0009935947676417095	0.0	0.0	0.0007013221160420589	0.0006763687429801048	0.0028425024586345737	0.0756880397808451	0.00886652124640674	0.05430472736237184	0.04551407874806375	0.0008927604779028963	0.0013633437874341074
JFNS01	0.0024517281033572514	0.0003220384828879425	0.0036452979760131796	0.006641912465920425	0.0018236660402030788	0.0003046778181351959	0.001170019042698407	0.28585837201062503	0.21687113571601685	0.0010881502534562943	0.05895745449606748	0.15409116374799636	0.014126254237223143	0.0002224598002424081	0.0004336088922019013	0.0	0.00046966435943532743	0.0002506702480752349	0.001834265623121299	0.0705642857235505	0.008319093945832306	0.042697975843690776	0.03921940676895703	0.00034197233298671146	0.0010371083427740384
JFNT01	0.0018153967009358857	0.0008138106477438915	0.009811035911307872	0.00843330583985801	0.0027582152717747087	0.0006134265308336307	0.0007589070432608442	0.1617392458386263	0.21640877729278032	0.001442875941156907	0.058384547535276506	0.11575651082439223	0.013562465430060074	0.0020746754375240337	0.00012237330584087677	0.0	0.002662494679474154	0.0054133218433960115	0.0019536958425496066	0.1412290870716252	0.00981711392058819	0.0953645170307378	0.09314726400753305	0.00037003976154793865	0.00018975343403308253
JFNU01	0.004207646095530632	0.0024843907058385234	0.02659432331281498	0.03742698516733297	0.010797374476805448	0.006824851836630107	0.0027647167463300585	0.08223396486274526	0.06755459286951666	0.0019767559918790786	0.05152042684144588	0.09397327275776686	0.07861303907955004	0.0016868804273666165	0.0012689311995536477	0.0	0.0007376965225121685	0.0006178175254176596	0.01317636717842475	0.15554291836107054	0.03256992940175632	0.1386554960838702	0.16588429861217965	0.0	0.0
JFNV01	0.000215107151521965	0.0004398357329636976	0.006107951560599093	0.01005636843249542	0.0032467888351295896	8.924598554935198e-05	0.0	0.12811944932734598	0.22809225747529452	0.0	0.03917995770155496	0.09533136016899774	0.016757866298934963	0.0	0.0015570680358355862	0.0	0.0	0.0	0.006512920060124747	0.15667322087139968	0.013107372049581362	0.11785081952452857	0.09711695624268822	0.0	0.0
JFNW01	0.002315102633791574	0.0020253001444087955	0.003928107913890272	0.006412865194468841	0.0011841499681089082	0.0004228085527098089	6.220223554739374e-05	0.28903249667730985	0.2073027545573228	0.0	0.045118181323464006	0.15834944433430684	0.01021733722132733	0.001168645423258403	0.0	0.0	0.0001968059837885911	0.00024182653848677516	0.0021000111459963835	0.0751727406947751	0.007994823230432189	0.050334927211819085	0.04472892460217961	0.0	0.0
JFNX01	0.001274261995482738	0.0004011002289362263	0.004329673233112851	0.004304703017307681	0.0006377015618340588	0.00036158545274090156	0.0006251811934795651	0.291426881773869	0.24331521154679672	0.0034633328866843006	0.02659106730258072	0.19441507989148424	0.00632395823437087	0.0008479208062465412	0.0001575887235007338	0.0	0.00039193312997035226	0.000335589172182509	0.001640398744484217	0.07245836390904839	0.00781575001340876	0.04816893061111318	0.04418664039103317	0.00055013468607937	0.0
JFNY01	0.005464924050949633	0.0006291369400870713	0.007344386695067981	0.00870334674586226	0.0021936320796278135	0.0015201388404112615	0.0016356609084591655	0.14477516833642917	0.23671000138812306	0.001539996677674722	0.07531401517334388	0.17064131363398713	0.021580302962767615	0.000906367021423624	0.003388486087856538	0.0	0.0017702017867487468	0.002187940628518561	0.004690975239897449	0.09525351333598324	0.011623448856958282	0.0646256689284648	0.06158289935675926	0.0004780639115674571	0.0005505425716216642
JFNZ01	0.0014738059205277908	0.0008992606400037466	0.0038733942412575283	0.008258772084590619	0.0018575377335784489	0.0005040524165875594	0.0006263575050973094	0.26419920255172175	0.23049388684561775	0.006379405081072566	0.04138413067848945	0.14779105845646728	0.01166241583590872	0.0009333031278136788	8.97798764520902e-06	0.0	0.0006874760252731774	0.0025466346247360067	0.002055372337570568	0.08844355451147802	0.008903611573320607	0.051668173761556795	0.04604854079086819	0.0	0.0
JFOA01	0.001397525715318434	0.0006613288139403838	0.002477044738542189	0.00556811847694807	0.0015220762988513922	0.0008805135445327439	0.0010174391302594649	0.2923731961772277	0.17511194530065805	0.02505719877411517	0.04441256275984283	0.14584664485130205	0.019451173665958606	0.0022539339937809057	0.0015615163657847185	0.0017669161108461442	0.00607487973029676	0.004670699434736662	0.0009723857960972122	0.06666740882190497	0.011611034053856177	0.05209483504016011	0.04335965824733321	0.0	0.0
JFOB01	0.003437353831470623	0.0019048936578469193	0.010072405952305016	0.009781148296742958	0.0033788216212563837	0.0007463608258738866	0.0010902617759775816	0.2291883878770022	0.18517364300095485	0.003647041405914175	0.052547704341865224	0.12230328489870888	0.01688098659182346	0.0011676243401635695	0.0017183384377659236	0.0	0.00277573061298556	0.0015737835482782867	0.004221275200466623	0.10443908426298829	0.01351553274575471	0.07885514782650212	0.06955871703724045	0.0	0.0
JFOC01	0.011011663360421102	0.001969066881100967	0.003229030679845038	0.009548948643758378	0.004944413049765066	0.0026649754631021764	0.0035606364922413716	0.21200368968308825	0.21143844176190954	0.0018323713930171852	0.04407060967360522	0.13621919536718513	0.01184461898881413	0.0008343446097594616	0.0018504297298374223	0.0	0.0013352136437411086	0.0023300714989956473	0.0014685655157630165	0.07671639339782599	0.007624182228910529	0.07764885344457545	0.056861149481296155	0.0	0.0
JFOD01	0.0007959254606896474	5.0970219806705486e-05	0.004458614990122328	0.001669666276286118	0.0019328611584600727	1.4455157601404613e-05	0.00015793607924127472	0.2781513891430028	0.2287126870806341	0.0	0.027843305353645677	0.1947806162321392	0.005304174633923793	0.0	0.0	0.0	0.0002492004278013212	0.0019237758451622772	0.0013597623090037096	0.06931342315029042	0.003156374983013735	0.040652725894117024	0.040759744246617796	0.002358224691773911	0.0
JFOE01	0.0025646077450689505	0.0015662099582364783	0.007478989068902633	0.0077732241904483745	0.0019473510362534668	0.0018150652895921123	0.0008921350315758104	0.2682575957174481	0.20362070618149009	0.000904379779719796	0.0389264201485549	0.12836772563129442	0.005178054374656355	5.723440435703317e-05	0.0005308600446773911	0.0	0.0008562125804198235	0.0007905542668305934	0.0028655019497832897	0.07783279240216184	0.010319536563596908	0.05543095144444516	0.05032446609210581	0.0011858910832640423	0.0009360702263842337
LG	1.8523403186683623e-05	0.007442086762055223	0.0	0.0	0.0	0.0	0.0	0.0	0.0	0.0	0.0	0.0	0.0	0.0	0.0	0.0	0.0013082000524154932	0.0009178630977546	0.0	0.0	0.008170469541730856	0.0	0.0	0.0	0.0
MED4	0.11548430572963508	0.04259292946404181	0.08999280179194438	0.08157752134670547	0.11066046607909134	0.08520182893325129	0.09517023547017096	2.361004981795419e-06	1.583922381083733e-05	0.0	1.2343422550253927e-05	0.0004116242522810373	0.020754752791651176	0.06481708645670409	0.06710570855066567	0.0	0.08159410930527629	0.07497203201622829	0.013890441760389859	5.679690390050658e-05	5.4751208201882274e-05	0.00041817907025022645	0.018628519364609217	0.0	0.0
MIT9107	0.0017949829006209555	0.00022892463229984335	0.020819794382856603	0.035886375837401646	0.0020816570399735603	4.246435834674607e-05	2.452432402337742e-07	0.002783210247685736	0.02189373580867405	0.0	0.019328754701247293	0.02612621025828947	0.03715981911031532	0.0	0.0	0.0	0.00014550160437881157	3.7078229885279805e-05	0.12019503112679951	0.1598176641958516	0.19893143623236673	0.11665166809236578	0.16981038575643703	0.0	0.0
MIT9116	0.018378612900860455	0.00027305791704209927	0.01517341220158901	0.027502400277482734	0.0020762956306050744	0.0010101279674553678	0.008976332956485235	0.00223543596786425	0.019735170919556486	0.0	0.014555215759693655	0.019546895597095125	0.024558966193585482	0.0	0.0	0.0	0.00037826748843575327	0.0005086153408565926	0.10056575213900164	0.2203795812021042	0.17014986104964508	0.1112900464697765	0.21738949632466278	0.0	0.0
MIT9123	0.003871204422413732	0.00029827706121379863	0.01754637148711446	0.030081547268189734	0.0018618942310242685	2.9684415409852305e-05	0.009697743764148139	0.0030778813215454706	0.022047285318300726	0.0	0.013803839745835222	0.024610833289319133	0.026117479620983076	0.0	0.0	0.0	0.00028209319387715286	1.4291513613112798e-06	0.10086632530845081	0.2080167886195643	0.17628896957490675	0.11899176097309616	0.21750859123324595	0.0	0.0
MIT9201	0.00618245909499594	0.00047335279379071726	0.01759720177134226	0.025919837544454847	0.0029461799801889267	0.0	3.3154400689884716e-05	0.02814754647226965	0.058915261330052704	0.0	0.050397060484198744	0.050165259860945347	0.04837883465984628	0.0	0.0	0.0	0.0014014577454181997	0.0010137267444247776	0.02492294354729269	0.2513602604736819	0.0711886726356029	0.1898378602551825	0.17111893020562174	0.0	0.0
MIT9202	0.0001948984795607251	2.4091174944957447e-05	0.011685487691794802	0.01991709640137006	0.0004049549316868331	0.0	8.699476473103456e-05	0.03736000641366536	0.11819118498768345	0.0	0.044974279415640424	0.05700052030675616	0.018754302075003296	0.0	0.0	0.0	2.2632128062400063e-05	2.577371203512108e-05	0.0807659310199972	0.23884716270590264	0.073399863698108	0.16207417719279432	0.13627064290026322	0.0	0.0
MIT9211	0.0	0.0	0.0	0.0	0.0	0.005754291428072611	0.0	0.0	0.0	0.0	0.0	0.0	0.0	0.0	0.0	0.0	0.0	0.0	0.0	0.0	0.018055232381451198	0.0	0.0	0.0	0.0
MIT9215	0.012480372968308765	0.00012834805341389703	0.022431322154445377	0.021795319652849976	0.00377437970485906	0.0	0.00599569370645038	0.03582251832639076	0.0880427017383724	0.0	0.04687135310778483	0.057011989958819724	0.020670931457086178	0.0	0.0	0.0	0.00034857646884903497	0.00025343775372734624	0.07379763311547655	0.23099095731748595	0.07084722488100587	0.16508390051910163	0.14365333911557232	0.0	0.0
MIT9301	0.0006080361969919039	0.00023331613702649585	0.00958891095012508	0.015830612586175935	0.0010365508214330566	0.0005009325649369899	0.00029819565062061366	0.09304968182623324	0.14303133505507393	0.0	0.11552824716908244	0.10323942569814548	0.0463769016739247	0.0	0.0	0.0	1.0595292474270547e-05	2.3149366211844616e-06	0.0022123561412265027	0.16882868620223807	0.029923444082338015	0.14070360278388158	0.1289968542314505	0.0	0.0
MIT9302	0.01069756828737932	0.00900674972199398	0.05574800852210583	0.0795151083802432	0.011262417027836272	0.0018565423466110707	0.0019446818711970422	0.011226363080579957	0.03902989405550528	0.0	0.0899165353299245	0.07082002325954163	0.19617634528701874	0.0	0.0	0.0	0.005810164244301759	0.002204072407796389	0.010009314279490564	0.08594676721941447	0.03849679436549016	0.0962124087069101	0.18412024160665968	0.0	0.0
MIT9303	9.838002659009645e-05	0.0008757420440532323	0.00017068297126142138	2.2012107707939354e-05	0.0	0.9571523453529066	0.00017683791536092077	0.0030852551725858777	3.076039680975433e-05	0.0	0.0	0.0004252748882036807	0.0003374757120293634	0.0	0.0	0.0	0.00011884854999379746	0.00011641609711179693	0.0	0.0	0.0	0.0	7.653592956461049e-05	0.0	0.0
MIT9311	0.0077605866432552215	0.0041997017909856426	0.039423301731529685	0.059141589136410176	0.011480041957383084	0.0011245675576058549	0.0012207732103479882	0.012408227856791597	0.040793728126520046	0.0017255138131804257	0.07796795755139867	0.06503933533228426	0.14198989800304923	0.0007266920018975921	0.0004823110597041934	0.0	0.0008547538390485023	0.000594847400335856	0.013363914738254623	0.11122502890856761	0.050801987037647364	0.12620536018738723	0.2073172269252547	5.626964899183505e-05	0.0
MIT9312	0.006839543579357986	0.0021560242513506025	0.04240749700294545	0.06308623509899201	0.006746961146108083	0.00031318606741195977	0.000999069274254423	0.0068880528459713325	0.03972626081581852	0.0	0.07142242216657073	0.06092215434476081	0.14429114625290426	0.0	0.0	0.0	0.0007661361659960175	0.0003161691386054497	0.004726330973590238	0.11543863706109206	0.04016400266516456	0.1292482726588919	0.2400124867255077	0.0	0.0
MIT9313	0.0	0.000372796947698568	8.480567122685856e-05	1.8785233774125885e-05	0.0	0.6064842168406755	2.80647436519483e-05	6.090299589173676e-05	0.005812094706635144	0.0032878680993132753	0.0	6.275613945592591e-05	0.0003536449584939128	0.0	0.0	0.0	8.834265381509223e-06	7.706546906519589e-05	0.0	0.0	0.0	0.0	1.483059540291997e-05	0.0	0.0
MIT9314	0.0009996161033663292	0.0002963911108891775	0.011840477489343306	0.018443087986268064	0.0020443537159768035	0.00043336866322068193	0.0004055628858645203	0.09270724301915145	0.1593451302217954	0.0	0.1030649770938701	0.09723310827272214	0.04640671272376787	7.742020631690148e-05	0.0	0.0	0.0001151331660613268	6.698225281287231e-05	0.004545508789104581	0.16129576412976515	0.03580425435802718	0.1407215374562673	0.11195824840418929	0.0	0.0
MIT9321	0.00011387254851768704	0.0	0.00936596032165185	0.016785503758620455	0.000300192373693376	0.0	0.0	0.03367672978949575	0.09082164539857963	0.0	0.03872937779718201	0.052659470967417465	0.015257619575170946	0.0	0.0	0.0	2.9934070151281067e-05	1.2569375628403832e-05	0.001591684685129507	0.2665854772751759	0.028625515343160275	0.2147492786224202	0.19272048455370144	0.0	0.0
MIT9322	0.0002085045814219151	1.6775405778814153e-07	0.01095807028640676	0.019869051091296407	0.0004962956792365557	0.0	0.0	0.036115843141283056	0.09157183979848253	0.0	0.043214082714875125	0.05629436408898113	0.019940964563855478	0.0	0.0	0.0	5.546997933768325e-05	1.6947277998384806e-05	0.004667022880818385	0.2559780963255049	0.03488280097108891	0.20768282142854627	0.18007297389250493	0.0	0.0
MIT9401	8.915457107710338e-05	2.4357203081900422e-06	0.008760278944572887	0.014899551806830943	0.0001472496852304684	0.0	0.0	0.03193158107225746	0.09460984741183204	0.0	0.03741384900770923	0.05150241979765502	0.0138782799760005	0.0	0.0	0.0	0.0	3.538187623117672e-07	0.0012423550595282399	0.27961494370750006	0.02671530581342724	0.21861239547509512	0.19426420865852898	0.0	0.0
MIT9515	0.05405522356167367	0.024113955405681446	0.08582280334320067	0.07793414904762613	0.07574496108231843	0.055242692491135705	0.07635095677702519	0.0	0.00018274466755112	0.0	1.4397958486005291e-05	4.2961696537767e-05	0.03790180696730755	0.05347072617982958	0.04605455773713902	0.0	0.048378545699560245	0.041807150893242336	0.2187249560528167	0.004027839263381143	0.002760019936165375	0.014345466502316667	0.08302408473700523	0.0	0.0
NATL1A	0.010044113904210807	0.14476259832140312	0.029016619887958103	0.02901985072555636	0.008772652298464951	0.046953835290890845	0.0351295962413512	0.0	7.466174612806464e-06	0.0	0.0385179362548413	0.014596161828516408	0.04736033360751626	0.07431149437209972	0.07306979153759138	0.0	0.07538677548604038	0.08612171593006938	0.16093089665894006	0.0003004289796901012	0.11197620390617032	0.0	0.002968840422033535	0.0	0.0
NATL2A	0.010091437017241951	0.14076150819670386	0.02994617692617094	0.029243213408421644	0.008629926179555592	0.04622130243161925	0.03618888132823451	0.0	1.028700010312053e-05	0.0	0.03785070740630943	0.01482692245973499	0.04600594347834701	0.07431206266710905	0.07234062400491173	0.0	0.07882920511027222	0.09005322044047925	0.1645996730140375	0.00030933525954697874	0.11702648934820599	0.0	0.002753084322995013	0.0	0.0
PAC1	0.009976504399581981	0.13592625528818814	0.02863763375540584	0.027837823906261553	0.008434349000335678	0.04506219464640851	0.038592567583358155	1.9167506743697307e-06	1.0516515791622445e-05	0.00046107394896070987	0.032253721493737286	0.012569438625390865	0.039334277878433174	0.07075166920686335	0.0703598639585295	0.0010693949009602346	0.07281621584187391	0.0838527305132528	0.16092871036006082	0.0003706672178707362	0.15741060800429363	2.938496158957296e-06	0.002499749526703943	0.00044377361492286887	0.0003954045659814178
SB	0.0019575870046380467	0.0001897254281938614	0.012537341177335197	0.01876131051751173	0.0025236158440690337	0.0002276152477428488	0.0003852314076843117	0.09048364322429073	0.11574183257677208	0.0	0.08263496190215755	0.08202788095114856	0.04494002747507639	0.0	0.0	0.0	0.0003101459690040814	9.12034947701282e-05	0.0048251067421534325	0.19753761197845066	0.04360780583671136	0.1886315832411769	0.11258576998111305	0.0	0.0
SS2	0.0	0.009676038111664693	0.0	0.0	0.0	0.0	0.0	0.0	0.0	0.0	0.0	0.0	0.0	0.0	0.0	0.0	0.0009230321322651484	0.0010829386489462213	0.0	0.0	0.006610674033953205	0.0	0.0	0.0	0.0
SS35	0.0	0.0	0.0	0.0	0.0	0.0	0.0	0.0	0.0	0.0	0.0	0.0	0.0	0.0	0.0	0.0	0.0	0.0	0.0	0.0	0.0058823529411764705	0.0	0.0	0.0	0.0
SS51	0.0	0.0	0.0	0.0	0.0	0.0006904457146612269	0.0	0.0	0.0	0.0	0.0	0.0	0.0	0.0	0.0	0.0	0.0	0.0	0.0	0.0	0.011504676236558285	0.0	0.0	0.0	0.0
