bins	ANE_004_05M	ANE_004_40M	ANE_150_05M	ANE_150_40M	ANE_151_05M	ANE_151_80M	ANE_152_05M	ANW_141_05M	ANW_142_05M	ANW_145_05M	ANW_146_05M	ANW_148_05M	ANW_149_05M	ASE_66_05M	ASE_66_30M	ASE_67_05M	ASE_68_05M	ASE_68_50M	ASE_70_05M	ASW_72_05M	ASW_72_100M	ASW_76_05M	ASW_78_05M	ASW_82_05M	ASW_82_40M
AG_349_G23	1.9884056010855666	1.1591788990649317	3.322982398066511	3.807456752987165	1.5502358969168872	0.6194839412557351	0.6834522591718121	4.817336105416141	16.0015967741556	0.38565714891671743	3.2432308099001195	5.406688632199957	2.05324724524306	0.42002240308812794	0.28028074649717477	0.13983131775418908	1.0067571380757114	0.8104520907446919	1.4219025657737185	41.74473238071834	2.8441281677620824	31.56871219194709	41.179690116468024	0.42812539486733814	0.6527916845020755
AG_404_D14	4.2622424738976825	1.7504847481161485	6.282286694597807	7.3586652847445455	2.839873087011567	0.8116383923084164	0.965837267669459	6.464397799018631	22.524357395833174	0.197689942831023	4.213391010950788	7.110749042048922	2.8901739049526256	0.44757297940536706	0.34012317025465016	0.029530636039551805	1.7100310895730642	1.469737691107352	2.138864653203515	61.49625768494048	4.052160820061122	51.33406828697554	74.01937055862048	0.09815491424666842	0.027413053956657413
AG_422_K10	3.769380090851481	1.7294248517130435	5.170474157308187	5.892578825181235	2.537071866659542	0.8449571107678278	1.3256972421297353	4.2344549599851184	15.472950340660004	0.31655551904741047	3.2622322106555135	5.229670026506135	2.442406257921517	0.5235214851981027	0.3525247597479279	0.08115256337142396	1.9778852076272528	1.625536931810221	1.5675860177013925	42.55997857752795	3.156353704670266	35.12844754601652	52.36587783761615	0.3374708386393037	0.38058378703054885
AG_893_K05	2.286633042251843	1.147006045769971	3.92785778242997	4.664557536370248	1.786756191905939	0.6554268972603378	0.6878250780846515	6.254405026274012	21.089849030678536	0.37861776450319506	3.7529986908161317	6.41581612741226	2.1663923333863027	0.4026627980292474	0.27717293575760993	0.09236629405348191	0.9644068115366967	0.8195967393083374	1.3155178183498313	45.85713312122594	2.8514123206836195	35.612881588861676	45.53180519744383	0.3522376457161541	0.42060959011814497
AH_321_C14	2.4106064729007772	1.8209189401535404	3.3154639151427956	3.7507285605034544	1.7911651823148658	0.549779787739059	0.9084690861995923	0.9252475301902	4.006030826794967	0.09107194719617202	1.3014809120872444	1.9039221995820865	1.4546031556607681	0.2885964110967624	0.22873989536876807	0.03639320334617975	1.2418106691188	1.0440057051228218	1.529982374114467	15.305870600946243	2.15052331791382	11.640112426914298	19.854374363987038	0.07011671976223194	0.07998210176839242
AS9601	1.5341781098097722	0.6645709873592435	2.85723518774335	3.2996773532666173	1.2066818510082997	0.3770168860339136	0.48605910373054917	5.164130425396757	17.65539730449843	0.1702557581399654	3.1160323363672964	5.160446167474306	1.6007035119808728	0.2704591107413926	0.20082123684690814	0.003227860997098026	0.8397371231231	0.7153856645773977	1.0902445153259268	37.80029897035249	2.2650915238508387	27.648575457766555	35.48135330975614	0.04133626987500792	0.02363252530789831
CCMP1375	0.06738257733533921	0.2205864072265985	0.09263619125340791	0.07760339206425665	0.046987616748939504	0.1466215216011323	0.09634250282107303	0.23255385879545795	0.06202743959588982	0.03533780317608794	0.04611873539316959	0.07560711269667851	0.06767148723902938	0.02290168113195762	0.02143302156345826	0.017032393069290355	0.16061170449289516	0.1661435116558324	0.12268992398257438	0.05305589556438177	0.509357555622153	0.05112147561394296	0.1017171702430087	0.09676481055280414	0.07041804162996304
EQPAC1	117.57490859333429	34.79480391790643	69.95900696279364	56.77245545389138	57.83620892494904	15.889279752827905	41.83080583262666	0.57237841614648	1.1126887691754248	0.32363639575697567	0.9105606310312333	1.2962514645860088	4.1841331865135505	6.43320768009413	4.9954741312371835	0.15060145077244766	61.83662592916694	54.4564352201775	8.367981312901213	3.3382690467505	1.1102729789376125	4.9037172566155425	42.08389927318772	0.36343316627726774	0.5106203463167467
GP2	2.693094909753134	1.0691925265971773	3.647624620494498	4.024902096118321	1.8197891050732788	0.578656768197423	0.762964777737593	3.549058459836674	12.5633977389513	0.19948263180892603	2.503695938947678	4.047473119076805	1.6863938237285239	0.2943795183258764	0.220371117461002	0.05584601240231112	1.24579486822033	1.0548004179264239	1.1594173197138458	31.918001015812077	2.2042871342843884	27.112496664392353	37.53218573987916	0.11363595524180335	0.07232689027358608
JFKN01	0.16734108348734406	0.06193945952445829	0.2776305856277974	0.29304181225707626	0.10264796469676704	0.028235993346016317	0.04486937805444833	0.8848607680042823	1.7087776637439078	0.008820076415742562	0.3375268237883649	0.6712726382486888	0.1455661930210429	0.015114325397151214	0.007005037200175572	0.0	0.06468225351946043	0.061893998263143124	0.06429324961143008	2.4350957062527905	0.16951483057937716	1.654352522120874	2.2081637890852526	0.001117272059380498	0.0001323138398732988
JFKO01	0.18524170864681894	0.10817671476399132	0.7779688559796135	0.9554017899306402	0.22172766528086865	0.055689967718369	0.040894733572440806	1.5488419975523693	5.625868219087993	0.02531538962125768	0.9561095929239194	1.7136885559462025	0.5406314879501327	0.03977786181806895	0.025700330004027997	0.00010911601481269582	0.07067162547949597	0.0685340393672542	0.2837342296031299	11.663862920382849	0.7012594163245772	8.321655584792818	9.84901327106548	0.004324298925705999	0.0016533306971540853
JFKP01	0.17885370232912465	0.22562771882148958	0.255499277756189	0.26965756332035407	0.0960842053163168	0.03851753660315355	0.058323592433084576	0.7206542356845527	1.3834665568642648	0.008482567338365376	0.2733884653948744	0.5735984487855637	0.12283329670950971	0.015437025674231513	0.016046767804025575	0.0005512822660443604	0.11513109045110526	0.12547625634713355	0.09884051295609145	1.854935243447925	0.21473193644716718	1.4243154175707813	1.7332974551374232	0.0018650490499801287	0.0010637904742146318
JFKQ01	0.18739409625640768	0.07109113726762908	0.24956414373196947	0.24361525507402274	0.11185162707016658	0.027617409125918563	0.056561139146368705	0.8562738985184054	1.5576627921427235	0.015064558945885122	0.3486835538928121	0.7057188512002317	0.13517920615355583	0.019558946062631817	0.00641406712600704	0.0017833110831576024	0.07212245022380445	0.06311658843938787	0.061572169771565835	1.7041057739456607	0.12354638824797601	1.2112901010313228	1.675826193111054	0.00306825072561862	0.00400942483707561
JFKR01	0.2622946151060162	0.0980530836091486	0.2831980760220468	0.2863624026732806	0.14844066267126668	0.0408056714754335	0.0697748668297777	0.7775855943801145	1.3494359109847263	0.008133281747143476	0.2660389387812731	0.5710429439677144	0.09983583903799043	0.017510300818814866	0.02097074156151229	0.006842215269341638	0.12104990944819974	0.10636493265279522	0.06361789036175561	1.594135273392295	0.1331092871635658	1.1317029066458923	1.4970299461693948	0.02585732474906179	0.005847719597533899
JFKS01	0.08861475956907786	0.06160394670029751	0.5524621214077209	0.6811165439544481	0.15912538824445646	0.040286353911112516	0.027054320827587314	1.3697397835377327	5.069392448797111	0.03103450445105526	0.9427248244900803	1.557500138496563	0.3804138168092203	0.031191090656326647	0.017657048910255737	0.0	0.041730118739865624	0.03458864117360653	0.21807865529512388	7.851966949048303	0.5301178560115372	5.182409258315889	6.455616698571115	0.0015622542565217406	0.0004990939719088789
JFKT01	0.22639933746723306	0.09668368040852819	0.3237394790022964	0.35992506897379634	0.15001348229167008	0.04242240936070129	0.058453233426473745	1.0044787786277427	2.0937059605627484	0.03564611867519189	0.4132901390868224	0.9310605739347056	0.1973955951228233	0.026219259891301448	0.018497273440355035	0.005571975570124013	0.0973650490887483	0.0824360988459909	0.09215945300318673	2.8447612524633685	0.20851718033529917	2.160656328781476	2.846973159116777	0.01164278604938014	0.01017223666945826
JFKU01	0.2089557186179301	0.08467396730161132	0.44834084636122784	0.48504598921889935	0.16895369139563327	0.04264965437875303	0.04771178916274303	0.9831490770551974	2.8608453739040764	0.020368913242793503	0.5240296025957701	0.9124353750641511	0.2504325422133422	0.023059597188631133	0.01453454099904971	0.0	10.545062530029258	0.06593954816976166	0.1312909519714663	4.809166854170698	0.3129080571955834	3.2082867697790114	4.286989570310852	0.0038242981552425986	0.0021667467744862735
JFKV01	0.18007112856794197	0.10816790261394767	0.5229868754933673	0.5329946980415122	0.17257637989536181	0.046240319011006566	0.0513718020999449	1.1253133063344083	3.3090602232980224	0.021646850465874747	0.6312104455799905	1.2433742730217556	0.35658551185761433	0.023128658552970457	0.0136537592642906	0.0007935856067194247	0.06632584052849204	0.05207871873831624	0.15067929304105634	4.592860210058964	0.36326202203167907	3.5000263133789202	4.56771271439485	0.005700591976040024	0.0037662041283503976
JFKW01	0.09069845300544836	0.03587893506145914	0.1735613619156196	0.19141415104085346	0.06833622018111318	0.015403103941646176	0.023183044244797776	0.7776328178217673	1.5383841667784195	0.00804428629420019	0.2859142088134354	0.6688236674548399	0.10612410367622928	0.007625168894439629	0.005986564589802408	0.0	0.02147273218313317	0.018640441518181193	0.041996609953841385	1.8014171776542822	0.11908717324333412	1.2632226765849612	1.6629231787594283	0.0011227262867144537	0.00048095379168592813
JFKX01	0.17792585353223217	0.07018642362692373	0.2566896467422218	0.279488001862674	0.11075137094424	0.03673060775411371	0.04062608146700663	0.8886936085785834	1.6920286345332731	0.012894322711777907	0.3538380010592846	0.7092506507683003	0.14853697647217615	0.01572706625005481	0.007006702943173918	0.0015163205701508975	0.07270355921392734	0.05536251915999094	0.07463705981916498	2.021870916813088	0.15121213211601123	1.4830583960792616	1.8587373206370303	0.002325622917928227	0.002509355004107951
JFKY01	0.1260220511313234	0.04615653917379177	0.22064481840494762	0.21412233178359563	0.08208578291130877	0.02329533024602794	0.03254189534279071	0.832476151144917	1.4700114242007687	0.009141828276468152	0.2928177081887466	0.6769881697507318	0.1195873006028928	0.010804338100533765	0.004482486621182682	0.0001952189984084539	0.053713414143044876	0.03962988667114308	0.05427410799852275	1.7222818382362326	0.14356873689500313	1.219565162362264	1.5475095697993295	0.0003955917994986914	0.0
JFKZ01	0.14362201683420567	0.06512312950904207	0.24364625107828242	0.2500703929909747	0.09641838398843688	0.028844855534561228	0.04812009698249491	0.9064144641214196	1.7912692241806083	0.01172990604587116	0.3735361229466136	0.8243449196594623	0.15309790600197198	0.018003386235565834	0.011355401402945657	0.0012612812318021818	0.05805369386586855	0.05406785339327597	0.08304118915806405	2.095478822415234	0.19511492911317863	1.4265834870828955	1.900391899864679	0.0045307997325754095	0.005196231362933838
JFLA01	2.8215530289948823	0.7385855724857014	2.6707445896603446	2.5882738514507158	1.5268663250669277	0.39638513492482047	0.7232583772909569	3.494554805093499	12.353882116879278	0.07857800411710711	2.194775042080645	3.7097850094012594	0.9649514082278772	0.13159771645939175	0.08489008840092495	0.001254189734961844	0.43928305139368157	0.41822934187545474	0.40103713389560264	17.206280385569556	0.99437708596485	12.873252020062996	21.798242027952075	0.012872126739908514	0.004194952746506675
JFLB01	0.26918883374652186	0.11178184031664935	0.3146931368615167	0.31598912647784033	0.15447212852270248	0.04405696760675846	0.07831276017219523	0.874978109685726	1.7136466621114714	0.016783411373243996	0.3591659550081821	0.7809513249818354	0.13969632377554325	0.026865091663314303	0.015213075032255842	0.0013684345624104856	0.11977741190243307	0.11386345962188817	0.09248697080693896	2.0907639733915717	0.16674636579701904	1.4513341571802383	1.8699274219550897	0.005436547073542605	0.006398314352178446
JFLC01	0.15180919165436949	0.06405800236640684	0.19081566940459663	0.18920338029064282	0.09334866891345091	0.025600809721032687	0.050997410536458766	0.7169962002878424	1.3043822578542885	0.014177503941825514	0.2704111199447743	0.6445104989598099	0.10929454686044528	0.011207215315966527	0.00923228918071562	0.0012218416658816122	0.07731751956578975	0.06408141783545611	0.060697500634481746	1.3165766964152728	0.10988351408016234	0.9645779925475372	1.2610734105750385	0.004083168659377615	0.006653689663684994
JFLD01	0.14975481410985184	0.0592547382028947	0.28519424741393007	0.35219528547672585	0.11518998250482772	0.028639375709865335	0.03803271994836667	0.7718120475101373	2.1286701082745125	0.012364620248870169	0.3947798258709987	0.7342987616270861	0.18841921957466645	0.015862117301503324	0.010081220761253987	0.0005824916647642198	0.05276769968037212	0.043575588420396764	0.09057974311522604	3.0801290116814846	0.2122350322382547	2.0835175217851027	2.600142930704078	0.001929659847065313	0.0022810754716720266
JFLE01	1.4823650837347402	0.5859370089331564	2.2318658376937464	2.544041315335784	1.0485004901334158	0.29123600802907323	0.3401912088367031	6.118185943022488	11.051135678032088	0.14291472180624876	2.0330601708712717	6.050788225932169	1.1416273171711253	0.12407418125279478	0.08599349228487164	0.0016648208126408394	0.530371050502105	0.45130237588673794	0.7009967972961451	18.385834173256203	1.1578593244993076	11.678646328934686	17.785631012763112	0.011636376852552671	0.006438719837148725
JFLF01	0.10141306591317777	0.05415723845344375	0.18606731465442072	0.19343446222815283	0.07759542423252237	0.023362324949151445	0.03233542430104758	0.7033499881274808	1.3297891774087371	0.014102648631341929	0.2793955662730483	0.620192008554245	0.1097381415022782	0.009011049584856094	0.007455242837062876	0.0005809458882494975	0.051029201208108346	0.03941433594975176	0.06292523512351443	1.4708975017066384	0.1290700326174073	1.0026039368276998	1.331730341897596	0.001309536584751428	0.0033845828833331693
JFLG01	0.7606533788485433	0.28705293795043024	1.2295354355430792	1.4078044122155313	0.5035551534611142	0.15776637233155794	0.21695322956004673	2.2273044200474605	8.10854591050683	0.11135492090780014	1.377087265432073	2.2909495380217098	0.6605144559087575	0.08200165255493672	0.06599649567909437	0.007890467068889963	0.33586025063719877	0.3162089022827434	0.37468216883278493	12.65052465544512	0.8589614036827448	9.841860292241503	12.418567401486305	0.015095793943273669	0.014175257057923826
JFLH01	0.1706015202307927	0.08415518903995052	0.29092899718727466	0.3110675704141774	0.11482917916262116	0.029992038345238666	0.045539132841455776	0.8658093133366055	1.839609165552147	0.014982684828662041	0.3779161345933903	0.7567481864016964	0.15790254140787136	0.01696178762008762	0.012987993052280142	0.00012451478842156363	0.05860806226664436	0.05111478807747995	0.07162376042078702	2.6262867810797568	0.2028971342688707	1.9104645096967787	2.4626667722113695	0.0026265525940299727	0.0012454050298560334
JFLI01	0.34107290596343487	0.09064893986426999	0.2984370103519138	0.27886193154978073	0.1663571083369294	0.04220353706587302	0.08541302612939891	0.8236737699137497	1.5659872424587928	0.008493080273180074	0.30785920558845886	0.6323602390048488	0.11556657793196669	0.01743197875810857	0.011866865834434017	0.0	0.14828444872371616	0.12026065339693527	0.06813612144218949	1.8956733093181541	0.13607876144995062	1.3281061147838202	1.5976583223147893	0.0006829311443323191	4.774730911489324e-05
JFLJ01	1.8188454479732474	0.9144180938794588	2.830285447030896	3.196956658262637	1.1803865165315661	0.3720695103481759	0.46201464830103667	0.6703753594938924	3.157685412033572	0.027720976720167066	1.1190417780091848	1.6886083405934638	1.2904695370931756	0.15538831984981924	0.1025474422904405	0.013857440651768733	0.7594013962351233	0.6344880705775761	0.6244316316335494	8.21273160041866	1.1066583616862868	7.305067433944535	14.37960619460884	0.007261563223245494	0.0036794275619114036
JFLK01	0.41209058569645896	0.16285834858816414	0.8970894861278652	0.9763329260103961	0.34177216105135205	0.09119903589020517	0.10905722180249597	1.8225708197403456	6.888411938776377	0.04004958754300066	1.2965646921882643	2.0716251392046128	0.5451162374936116	0.05391051615550527	0.04064057826850694	0.0009527475799865407	0.15565997376342666	0.13052950049224188	0.18919323708682945	8.839337420342545	0.5231776544072109	6.465197742508229	10.562477182958798	0.008842885614240598	0.005230414227335673
JFLL01	0.24916818729112572	0.1243170658458098	0.41237654152864145	0.44400084609077417	0.17362369064298375	0.05496091037582641	0.07193567524466944	0.9345298770292023	2.673585475364685	0.01871671919097079	0.5091950980417402	1.0018214594943275	0.2424564124107877	0.02443901400187522	0.02088053577404884	0.001262999034987504	0.10209856885436473	0.10002544553917117	0.1442573024727132	3.5123273046497747	0.27014108326084213	2.524569286595139	3.4321449107525006	0.0023364940959682925	0.0022190755085952653
JFLM01	0.30027612893761113	0.11051753604480176	0.3158290034896736	0.32744219801710023	0.1732742132134727	0.05151256675992303	0.08883891338551926	1.029828848342072	1.6465943264665597	0.01909451738578271	0.3402700679401406	0.7450875142301008	0.13128226458977596	0.018167524094813238	0.014870298307656361	0.0007007071394241554	0.1292083822898666	0.10619514302152214	0.09242061717735352	2.034502799372624	0.15961581335241656	1.4426111638871717	1.8870594043125097	0.0032679199636794264	0.002833873759318492
JFLN01	0.2704250385801263	0.1129718312204913	0.37029683865979174	0.37924061889516103	0.2025488931943274	0.054170965241878206	0.10507751243052953	1.0837354425113719	2.0449222541757464	0.020109925713023655	0.45219754661215084	0.9561445340154933	0.20132841457602918	0.02196864778805652	0.01847493156727339	0.001310584015790965	0.11926269263863457	0.10868040895252769	0.10724237677608507	2.312287371258235	0.21394875927459248	1.7009828001727372	2.2788142089396506	0.0049559160977563155	0.005782566672653093
JFLO01	0.5261846666913356	0.23034454616768488	0.6895991449656579	0.6327812696521883	0.3566564624837465	0.08849328201762689	0.1820597389902966	1.115041689531151	2.9973671158672337	0.02874507391911043	0.618948453664803	1.1904085281148713	0.30418447901135254	0.04809709719959513	0.03690036169487399	0.0009012812826660092	0.24007772492528762	0.2207725172293302	0.17874056604746905	4.239048308440885	0.33893036619445	3.2127753209671663	4.234447513159518	0.003889325835064717	0.004486673522850515
JFLP01	0.22435071351997277	0.07321431755186447	0.3057465313387412	0.3100615807103834	0.1459931314713436	0.043090466351694855	0.062346483276183084	1.040651893664823	1.9830241654409486	0.015030701757963295	0.4297035639656879	0.8621162954949672	0.1615283586967611	0.016309562908710572	0.008724062931252016	0.0002947729046746171	0.10238895233500295	0.08279895190921796	0.07921211183023008	2.2550397115575933	0.17363919316790657	1.6259589244911068	2.059349554858526	0.0037990726284090836	0.003988603308011664
JFLQ01	0.23756028402410692	0.11126079639332052	0.5061553532728286	0.5308059113839193	0.1948249733142927	0.05267132432460197	0.06825038204757708	1.2033508747065045	3.231466827111905	0.031023527858179363	0.6739502738690132	1.2832253366539954	0.3317502193952081	0.03844801620306997	0.019595802130734134	0.0007990597524383987	0.10892537515800095	0.09301982695552968	0.1583608094476961	4.37771444479932	0.36018353996678804	3.2845562123147753	4.322375990122099	0.003374618048803928	0.002332620433871125
JFLR01	0.1843317195348801	0.0653370026296552	0.2599511354513382	0.2474430667764755	0.11685975042475741	0.034947738515861845	0.05852668684949907	0.718446900554269	1.5763883814236304	0.0072959012045849805	0.28263580976250396	0.6312677842496297	0.1253285490124812	0.01623617555738195	0.010483080611359318	0.00011815587040040504	0.09079900468145449	0.0681418305280157	0.07972063500697556	1.9441132076183896	0.1376250009117342	1.387800299542666	1.7795844352650958	0.001969620190339266	0.0020605529521922697
JFLS01	0.3401776082060955	0.10546672766541575	0.3719651300976553	0.40013538093963646	0.21484898394615576	0.04892854556286438	0.08974949148313112	0.9829173164933539	1.8216630852708926	0.014547204541655269	0.3763103448090958	0.7655760327467075	0.17128187200426795	0.02690148536388972	0.012883751954933974	0.001639424968006067	0.13342970020796005	0.113369127189919	0.09148278937184631	2.243868996404625	0.19012628868872816	1.5749277121982106	2.077118273333285	0.0034116470151471776	0.005004413576154543
JFLT01	0.6176280327356295	0.2797220974191813	1.3717971915909957	1.471874261273423	0.5122874308161731	0.15486196854532794	0.1609226344685965	2.4035344965080876	8.975066574957731	0.047507110118857936	1.5350148120221494	2.608157936448494	0.7689002901433502	0.08223645993145454	0.04799255605703506	0.0015791323472390617	0.1813349104790766	0.1590474282666003	0.3721623195359448	15.960947193621397	0.9288791948803053	11.124950622435835	15.587124182346447	0.011470279880042584	0.0061295884694934945
JFLU01	0.4673248900135409	0.19617517384563765	0.9819229742544424	1.0538974823004457	0.34845650107312237	0.10105223399671508	0.12080052772316514	1.634580613441571	5.784087883685251	0.028434608516836112	1.0037694974500482	1.6466620328686568	0.5384515420057318	0.04512920952158427	0.026284946182671125	0.00033116082975010683	0.12107542890554866	0.09958672678940136	0.2347672757197543	11.34905842245268	0.6596989116932493	7.8978859334474985	10.139780794521045	0.0044865882307689245	0.001858798450317419
JFLV01	0.7025391968297322	0.6427730781428102	1.1555096055340635	2.120310869537288	1.6365414523045432	0.22243155689072014	0.32251840414912136	0.9494218623680707	1.5289969896162754	0.026876707936712853	0.2778052503591521	0.5980990391013152	0.21255712554989767	0.08967861561232436	0.04525661809487764	0.00977954055345495	0.26584994934383066	0.2215032571988888	0.08995484703150523	5.094028285021884	0.6686876725305331	2.1731907037951506	2.828112540820594	0.0004747630374486893	0.0006162322027620712
JFLW01	0.4286819761219692	0.15275358777693016	0.4450264347515401	0.3901208847152585	0.23502269807073237	0.0626996788347062	0.13939721250349896	1.0791939713784822	2.0070149916274076	0.022655721153429346	0.4797795323177838	0.968675933329557	0.1944005203383486	0.024925510402262697	0.018899375625535245	0.0007300290854628857	0.1593467757304901	0.1507220208514949	0.11054673804227148	2.209897656354892	0.21137568267722667	1.675822129897013	2.235188377068626	0.0021714822775757256	0.0024596228407531098
JFLX01	1.0999209895477249	0.3649629137602288	1.1884882232299951	1.1382982687202094	0.6459769485261702	0.18880208700804954	0.26371543875983355	1.463743503824751	4.434216524682928	0.0386823363696224	0.8614723008785047	1.544287259129235	0.46589395207732354	0.05968669145398886	0.03382904667345344	0.0006028454817998608	0.2462108733992717	0.22268398505807044	0.20541424538121875	6.106903262017977	0.417944779225859	4.6755754345775316	6.353261363710039	0.005859982325839228	0.003585424512784033
JFLY01	0.15702779445276585	0.060037309470917385	0.22969234383268433	0.2104314188518593	0.1132958878216752	0.02699876238853345	0.05129696562520496	0.7864004618835744	1.5165239436003068	0.005643660115450347	0.3052168089575474	0.710191923497954	0.1313602513361866	0.013369861363324605	0.008930467457744177	0.0008078364497879851	0.0897671616517091	0.06940387408762796	0.0585329601033804	1.3827055022761292	0.11444444043605802	0.9776811931334229	1.2032333366121741	0.003715247582479481	0.01140794157857459
JFLZ01	0.3711237415852288	0.13096736677959084	0.6830475916013077	0.8205477199667077	0.26818489525315836	0.12292499841754605	0.1395306153383288	1.5152494874406572	5.207611406252324	0.12102324497753693	0.9063742372602103	1.540280803059912	0.4767609641125619	0.4723957736988325	0.9657577507049109	4.8141136885501136e-05	5.310125394367037	4.485822311716522	0.1922222265714553	8.06508684498146	0.6806470887537189	5.892123893642715	7.368915955956854	0.1331929890220698	0.09633228361916753
JFMA01	0.21562184394044	0.06084786732422256	0.20010516185843846	0.189234426611808	0.08981847777633371	0.02275910494211234	0.04825499944370931	0.7081474046875034	1.2805607119820552	0.008843243270790942	0.25325661633242225	0.551065590560195	0.07100799808138074	0.010385832170223618	0.007632050949868647	0.0	0.08915900580890206	0.07809744752401904	0.04030876591842882	1.3921174129468021	0.09833275300506622	0.9900319003961167	1.2489374353526315	0.0010406660731339566	0.0002175504231740046
JFMB01	0.9917815846654984	0.2844486790776787	0.8882978450023614	1.0249159282217286	0.38944657413266515	0.17541353134118753	0.18155310663377044	1.9190456268109168	6.0885748455422695	0.5402388250833335	1.5614663792485886	1.6413531897451643	0.662019438248568	0.5146882817122296	0.8989409125711201	0.0	5.204200490412643	3.982763867789109	0.2498679982751208	10.799462627674588	1.3217296658560578	7.869346210898814	10.564088179786369	0.8463731310865318	0.9392181027753432
JFMC01	0.44292168452561276	0.18486423275746183	0.5688979185944789	0.5804453008158285	0.26657529897509774	0.07773002940129818	0.13718759813110937	1.0938946127816616	2.947206877656159	0.023698898974302943	0.5909752280356397	1.195311357177324	0.2614787238217203	0.03718003112198359	0.02321692177258843	0.0021903933113990915	0.15991545230138624	0.13330448241205195	0.1499306694681823	3.9761081240700307	0.31927274343446327	3.0055910696968544	3.950997311230595	0.010810424330875102	0.008318649890866657
JFMD01	0.2827621589850741	0.09132228251855984	0.2724481612047313	0.26570059683397235	0.15298459832577227	0.0418403685520291	0.08921495452743892	0.7390491332691663	1.5886968684547171	0.010983026650468622	0.31107077737437255	0.6669329451784197	0.10850697051925129	0.01777456511087992	0.011873884834760678	0.0003198596297324722	0.13102200767623226	0.09729560174532834	0.07440821304312323	1.6371819304915096	0.11625932137209644	1.1392802419027361	1.565149063104803	0.0005392683930789473	6.940570976678478e-05
JFME01	0.14308886732860682	0.06430200978004673	0.3074316576313205	0.3475530867719058	0.11961239623914155	0.030146415651071977	0.032024973599206384	0.8645336808906189	2.466969818918395	0.010371791554250186	0.46178070311148295	0.852379444887157	0.19672771764403127	0.016031849087612175	0.012665075408432014	0.0	0.06136429325504545	0.05909742633673102	0.0983087582253085	3.5623432844319147	0.2267021009559921	2.353363421032449	2.9108534449949444	0.0016886162688267007	0.00018231025770760667
JFMF01	0.40871926334729985	0.17405700868455565	1.3085980624071054	1.438632908025891	0.39335405388855027	0.09871748129449559	0.07775115352438823	2.2307612325585855	8.32740517415375	0.0318997849403958	1.4544945242896092	2.5052432812707197	0.8014627889395142	0.061937239888413875	0.03721167017729877	0.0011376587688687162	0.10583176091746922	0.09534249611626937	0.4033625381175075	16.652576045254115	0.897036149919489	11.753728343351247	16.70198578837743	0.007733823635692771	0.0013158429472989418
JFMG01	0.2698940590561214	0.09202394278601202	0.30174806829864875	0.2840660941562909	0.12965404814894713	0.03997539084993883	0.0679586281957362	0.9083472225575218	1.8762252648421165	0.013748545084624692	0.3889528623216728	0.7761485172244953	0.16666861027684537	0.018600752558024826	0.009279853493132387	0.0003657274358751518	0.11543161419010121	0.08719273459406497	0.09354207649361124	2.1818115483147142	0.16545662073902295	1.5653727554461736	1.9297330322169173	0.001826925866472809	0.003285234836964461
JFMH01	0.5262449165323216	0.25225715722793246	1.1301920309326905	1.2400340989595646	0.6324890915966598	0.17516317230941897	0.2001868130851744	4.26980960498663	6.8853528387025875	0.11339171777048758	1.3399835818801877	3.8702191654800524	0.7315002426526158	0.08255159962954496	0.05545537957501421	0.0026120083820723003	0.3555422641992367	0.3050202423480947	0.3369881969451087	9.596912886991829	0.567689074138529	5.451071771601737	8.154086640170789	0.006638466940138612	0.0007709106380680232
JFMI01	0.5694038607903023	0.20451081223960565	0.5515515524369357	0.584497773499881	0.3113398926445922	0.07311074761593096	0.11261712688844583	1.0333359217473546	2.3102377345154275	0.017519952396987264	0.46078904296284834	0.9088410118080539	0.21928586663962343	0.031167501495413967	0.0174650767186	0.0012253682100535604	0.16747233712914808	0.15290767858383733	0.11899458471400297	3.134050192928456	0.22872163504882095	2.416587561516601	3.815862825249471	0.0046755844350223	0.0019724538489249237
JFMJ01	0.19875210979482477	0.07961336808620559	0.41114666288666074	0.4541031783608705	0.1658222262863246	0.04371754781453523	0.06892568686490297	1.0206756306868714	2.8035780808865667	0.01868434874320361	0.5912081388275177	1.122325517048744	0.26208800015409	0.023807174602616152	0.02064587678837384	0.0006046980702148558	0.07694032322360894	0.0828999991168509	0.13065808902319298	3.570367894275226	0.2599848635255506	2.5731088881181825	3.4389081292579284	0.003077941697149461	0.002419378138954373
JFMK01	0.34133932649978266	0.1302815058834054	0.6832800779317076	0.7728181644251843	0.2634782373630509	0.06711018550539495	0.07402795091185471	1.3213800344826512	4.7677256152854675	0.033153579146690246	0.8718251191421508	1.2694951998133985	0.4165867796610696	0.0441321873727236	0.029606322332390175	0.001754190232976142	0.09583096453910032	0.08512240792771794	0.1910387560244432	7.641306115401028	0.463951253256554	5.235207186964471	7.055671340321667	0.004174206957001687	0.003348400284609182
JFML01	0.5891970150441658	0.22973842366854752	1.4485024157118644	1.616490649813084	0.5260683521664801	0.1315902409474793	0.1704278470729399	3.219292889570146	11.31327627040549	0.07251039535068776	2.038336215123002	3.6379364754327153	0.8635812356662783	0.09993070111800109	0.06537250896425804	0.0008347142175598713	0.27791499784259655	0.2579656393091409	0.35073378039836123	15.202667978514873	0.902614874334987	10.87067256760202	19.071579013040687	0.008710893812243754	0.004179831903063898
JFMM01	0.26935652123016585	0.09837941042341841	0.4422227597881447	0.46389316721396645	0.1901784794745003	0.04914693430806676	0.05502478214029937	0.9763645244488995	2.8390016866447048	0.021783490198041804	0.5395871859829375	0.9296387080093331	0.2654748951038157	0.031570399189127886	0.01195853938623262	0.0	0.09478358410277905	0.08294909697656126	0.14246581811442047	4.414551397292758	0.3167280513366534	3.1333398270325064	4.000124552682358	0.002573828249902361	0.0
JFMN01	0.45005279588550745	0.1666351677152964	0.9779803315070817	1.018500804642193	0.32837712199240815	0.09059124135281686	0.12188474909176013	1.713626743514784	6.463117725387526	0.033901088893662744	1.0298435761423352	1.8222312890251509	0.5029291656638175	0.05023711117657067	0.03357968696144631	0.0018154099700070287	0.22591523653346204	0.18758486289789178	0.25537481507014975	10.85025049958693	0.6275118819754468	7.800086615362159	9.798802702939438	0.005918070224817965	0.005864940184556893
JFMO01	0.2490299349066272	0.10609637394267345	0.4125661141340308	0.4456423809578696	0.17291346190134738	0.04998559066299698	0.06902904571029242	0.9467321705025827	2.6862728835294947	0.021787369507731667	0.5095919761352987	0.8657731862215423	0.23546680777510293	0.029116327798366537	0.019492357548381297	0.0	0.11446591586172067	0.10439929652315343	0.11082281952539867	3.950192058349903	0.28872689949222186	2.781471044918071	3.6866188496570373	0.0015616888388095564	0.000267231833275516
JFMP01	0.22908214678405467	0.07939291967735779	0.36151342668417047	0.3448540821706263	0.1557778402376796	0.04395743210368608	0.05766443116415291	0.9087618081805893	2.5685171848935227	0.016327999265616865	0.4667954984529015	0.8181946606221725	0.20752653172055854	0.020352205742896947	0.00941380014784612	0.0005050891676519491	0.09857843921525863	0.07582494606128656	0.08615446340139964	3.3177317072877726	0.19826216906794905	2.292405112482029	2.9661210787796333	0.03676361339292945	0.039058253397940425
JFMQ01	0.24357809417288676	0.0960602727284554	0.34229025571393584	0.3413403476502054	0.1568123590861507	0.05130514649850616	0.07613507740525513	0.9285560181711849	2.206848301296514	0.011132108208389377	0.4208116950246678	0.8694106039915854	0.16905930049404347	0.020097806947504054	0.01380581552199412	0.00036351044467341554	0.10704323194933735	0.09641320339123574	0.08902679495049441	2.842508307245124	0.19549983553021788	2.0601646752696405	2.57715001092299	0.0013312355193359027	0.00021970794117370657
JFMR01	0.8553642428035354	0.3340542097333981	1.2560034085236587	1.3627488133088879	0.6156055922558019	0.16836516209517674	0.26703766758152775	1.9055115254743724	6.870097941521093	0.05798236781120974	1.2922482701882099	2.1797298043911066	0.5866367945319957	0.09093482730830466	0.05710347292913377	0.0017630603541230051	0.3951621716714035	0.35077048778272935	0.3376780668676747	11.492805339031639	0.7000121376259348	8.301318385711907	10.524629508608808	0.008196225263115177	0.009076710472735812
JFMS01	0.12434101873009533	0.058379687803337785	0.22027651939836285	0.23349368176440616	0.0997017747584214	0.0219751502542854	0.046627816839249214	0.6940522217750416	1.3873161751643366	0.008598695104985758	0.28710313519409764	0.6238377289106437	0.11300763014693174	0.012105064267440386	0.008697628406932228	0.0	0.047162925667297136	0.045852219923573426	0.06087463729084251	1.8794697470173134	0.1286970423765162	1.3278627923830297	1.6188752353700004	9.172383916715013e-05	0.00034785243482955626
JFMT01	0.1336054668696249	0.04356194471071301	0.19624504951399158	0.1985966187679153	0.0825465626889641	0.02261045890432515	0.0487879527758355	0.7381323201449992	1.4530827429960165	0.009413940462295642	0.27258744905361504	0.640315838491453	0.08408804049113955	0.010691670472784676	0.006181589969671751	0.0	0.062174879352018306	0.05110421991336309	0.05170947959232726	1.589449795262028	0.10633026952251418	1.0634634802250176	1.3223662722171046	0.0007353375648657603	0.00011512589639832027
JFMU01	0.11817750770061351	0.037605480979731494	0.23359128259956916	0.26059719472311754	0.07791455496627801	0.023766663239844218	0.041566541126503743	0.9823973564200599	1.721723635345089	0.011520610772378292	0.36704286821010246	0.6978591371561713	0.15112697349410958	0.011114798542913699	0.0069544028635812214	0.0005384300362607437	0.03790614805853485	0.02873040464287204	0.07497809910635575	2.4100492435233836	0.16695743055072298	1.7431963220349378	2.113947400530142	0.0007312707746898569	0.00026192552791893674
JFMV01	0.5233768128848086	0.22073015234360827	0.689282554544593	0.7332022558868493	0.3484924584527799	0.10005203993764876	0.14895115348836768	1.3906033099588875	3.836561638993795	0.03474314500293973	0.761742218833321	1.476872128081402	0.3622071879029439	0.05171350682209796	0.02815667182313118	0.0021736146340246426	0.13611038982927817	0.13226491142400879	0.19795081379927607	5.1206426950154755	0.38888916426552483	3.745490132502374	4.89847537379274	0.008171813041325846	0.004081045159181114
JFMW01	0.05816479926549774	0.027735826625665698	0.201300983229836	0.22759080812422094	0.05983891368303315	0.011616844649137276	0.014900248622761406	0.6022140157697148	1.7313653191722824	0.007613773422875871	0.3150177381243006	0.5727438683779311	0.1375417351928811	0.009726688037481654	0.0059923040770728095	0.0	0.019630340148066427	0.014666890514655388	0.054918595440798336	2.6087712229029036	0.16487043815017585	1.6964225457469544	2.136809666519791	0.000467557465805988	0.00012389294985034455
JFMX01	0.2567295943684171	0.09514385253799056	0.39234736472957005	0.41683294484388156	0.17200413172362317	0.04353737577122694	0.07811954503975113	1.0870301754965688	2.1975666665180578	0.021242172622551323	0.4887152536546085	0.9225874992277503	0.2081549333637033	0.03320348253892546	0.019824211695506383	0.0	0.1075680467894757	0.10895828305639775	0.11303774657478617	2.788793768341315	0.2053623242737853	2.2204514231575874	2.9146864036019857	0.0022181152428735465	0.0002958097215652549
JFMY01	0.30385349221913827	0.11841662414277809	0.48036827799135917	0.47632958624686583	0.2098715107437348	0.05456546305781636	0.08929990246778513	1.0375606801803077	2.302359330491605	0.02053940728889657	0.46203532962471694	0.8691083436962371	0.25076363011592745	0.029267463896077754	0.017317923262474635	0.0005083377639127647	0.11756532488286572	0.08133656228661826	0.1388941733658788	3.96348834825233	0.28436165340304165	2.7726697341596953	3.753060597982866	0.0047347070485058455	0.0028782311176911895
JFMZ01	0.8125885478915368	0.3033162819385185	1.075329471760239	1.1018821576627573	0.5650862085807767	0.14109824375493804	0.23467592350367114	1.4192704751491245	4.360725548987886	0.040112730155892645	0.9676043153185899	1.5863178798006004	0.5027500994255448	0.05491960430781948	0.03392381170864598	0.0011422086765200993	0.27888120474764383	0.1973474446558162	0.26748026792073154	7.134868652136269	0.5198562452944216	5.202481308991663	8.222978904377472	0.004016578672704988	0.003727291546446948
JFNA01	0.298389754299959	0.12613876544380287	0.4273186191413078	0.4469075813803438	0.2169656810214021	0.05586246499857435	0.08123151416192963	0.8011366590715153	2.2311975836934828	0.015992084580362026	0.45290027628364793	0.8977444414022382	0.2237647941360718	0.026612046760808056	0.014959165597149961	0.001477590070961825	0.11079275942508444	0.11262644428541062	0.11946524720096785	3.2193944102519123	0.24702544691164516	2.351935949637949	3.106864891543779	0.002873310430553174	0.006145358092818024
JFNC01	0.09150924172023278	0.03146234166063157	0.13169263096024877	0.12972135547848837	0.04071579434279329	0.013610846096062208	0.0214279460668544	0.6346724732973119	1.194013352956549	0.005462265660475545	0.2271348186513039	0.5450908869591612	0.09084809135990714	0.00617315118978559	0.004295231843954166	0.0	0.03676610785854781	0.02443741000505865	0.03472137185945945	1.1009595798412422	0.08616834379641009	0.8005828956043421	0.9710851949532395	0.0008573508164818801	0.0
JFND01	0.7198309118537142	0.2787715088240197	1.109937319025832	1.1934473492225939	0.4798179902403717	0.12757343658806247	0.1890760270713233	1.638642467014505	6.316042765413784	0.035742802293544235	1.2672957618454033	2.013948531382392	0.579742494564659	0.055753847585636805	0.04228643111127021	0.00044068871097757874	0.2810546443135726	0.24600696425029334	0.2808867561144726	10.19045726759643	0.641509848820222	7.6871539775869255	10.178672583733738	0.00569061152683636	0.00247711416076165
JFNE01	0.46976550333304834	0.15556576291429536	0.3877819950165607	0.4643881169105096	0.16941979811542537	0.07109743916489286	0.08622802922070706	1.1777641432103194	3.2091830171823537	0.27764174475240777	0.8209642781202195	1.0478169088684537	0.27145284020632326	0.26917305876087777	0.5924802150580725	0.0012316307479869298	3.6897193825498156	2.8723126658593157	0.11349796426519866	4.01122019119209	0.5408680898525685	2.8948628966050665	3.7642845788803547	0.38738829352698567	0.435946538111873
JFNF01	0.2272081743580237	0.06472707679099483	0.23835626028954202	0.24503585156643345	0.13112538217839567	0.031857262518149264	0.056844497113763284	0.833084277424342	1.3290250135429384	0.008915266165018094	0.28400082430200385	0.5856145587503835	0.10952823815441085	0.011730034416891418	0.007816280284371759	0.0006978485710243152	0.09399219975473556	0.08633321649217705	0.046033893991456916	1.61915712972808	0.11159249112049509	1.0575132595619847	1.4396196637581868	0.00301959363196332	0.0024350630480692867
JFNG01	0.6467125842297041	0.24024906016877026	0.9325313196832419	1.0142177957727703	0.5104154589272525	0.12269487334212469	0.15693763047366924	1.4806011155161969	5.012968369342777	0.02944511152005739	0.8956498711997439	1.4849637060362202	0.43835262209035325	0.06359197650152557	0.03316713478357272	0.0005487582715613035	0.1540093291639358	0.12688882801824042	0.24453444842940836	9.311761133261092	0.6406391877845297	6.455183125660561	8.290567846604727	0.006793481745488423	0.003171967378423292
JFNH01	1.3255632653609157	0.4742187304921633	1.9087934753840696	1.9549497139086243	0.8904801210180691	0.2125116073532247	0.39406545742502647	2.423799041244025	8.621460570561943	0.04816022349555618	1.6018576165323817	2.750230248639772	0.8364616801023183	0.11201383437873491	0.09004876170502246	0.00017879973889162914	0.5955700036168472	0.5093970863342666	0.4251849359926132	17.582704463995235	0.9912654380203557	12.844563742459242	16.119986584198486	0.011586686718950297	0.003628971303634933
JFNI01	0.4410139342955667	0.23529606577390808	0.8642447878405577	0.9353042785948806	0.33218351862657586	0.09328563034006056	0.10680255478789655	1.772963417943663	6.498450705986194	0.05108830146787784	1.0376568794861472	1.786219832123195	0.5194628997997065	0.06351486987174176	0.036702671023766176	0.0	0.16179691306060248	0.1475634953107558	0.2802045769251771	10.96575729919641	0.6845310585511091	8.289767752063709	9.514232038967382	0.007375709621981092	0.004345544740433716
JFNJ01	0.23398673951886723	0.10874011790856819	0.534860908810621	0.5894680797016872	0.1865536331315437	0.045889699948686705	0.0678274768398914	1.3315064690369998	3.6380610243283815	0.02270667337325353	0.7104482175841952	1.3128011147773495	0.3246644989397623	0.02414258261602395	0.02267710944265588	0.0002610316101669642	0.09079996279858042	0.07768511080190557	0.17229602885930217	6.326758604324154	0.38911468798357074	4.282233426835697	6.103979240774268	0.0035183204540879974	0.0006311547057707217
JFNK01	0.10549610847282255	0.041142439506610576	0.18930014948342597	0.19435572782839505	0.07020651443351558	0.015148118844386958	0.03181464740795174	0.8500671616402622	1.4654360887748157	0.011118393095198284	0.31837769478259154	0.7091439666712506	0.1183127454088653	0.012037349100706581	0.005832467996828651	0.0005782815869148897	0.05377204898303966	0.041276394720161695	0.05620223257351056	1.4647851800465106	0.11355456497658062	1.046768108806977	1.3399243519703932	0.0013900867971157122	0.0037845674945048377
JFNL01	0.9591449906964776	0.2559362053218158	0.4261710685318219	0.44258910174207106	0.4724682050633959	0.14788700104621702	0.08535077076191144	1.1655103458460274	1.650726443304324	0.010848489829118508	0.2973940769633778	0.6899621429207856	0.1398257954756355	0.01733767924990184	0.0077267833419668655	0.0	0.08930036284174989	0.06827275694192138	0.050490865173153855	2.4872525056310373	0.15180299849214354	1.4916563208803335	1.817952406740008	0.0015540809202417346	8.444464117952398e-05
JFNM01	0.2876940296960134	0.11949167273698222	0.5103306219055093	0.5458269004027019	0.21642352224330866	0.059627613169415006	0.08056064592424653	1.1569905358936305	3.5612819218517133	0.021113836668755145	0.6613420768233225	1.2944568762985307	0.2813429409566275	0.03293373232949773	0.02033340874232657	0.0015617762551226803	0.12646703993917935	0.11530733925444359	0.15739359314028234	4.6737956153413425	0.324155638354351	3.6932761172938955	4.733135223183997	0.004397360121719539	0.003373446575730679
JFNN01	0.36059441050672114	0.11236028336017516	0.5866865183655627	0.6243991215007345	0.22544754988712254	0.06284073132361774	0.08748454927210006	1.2827830522467518	4.005260667888819	0.024760779694819563	0.6626906733952743	1.1657808867075685	0.3062559502966945	0.036179208612321795	0.02492613461199205	0.00011561009381249691	0.16880534580614145	0.12630597469116608	0.1535073110351336	6.303103018520947	0.37900905979215194	4.292001932416235	5.023436547578079	0.0011609291662900642	0.00015902386942273557
JFNO01	0.15659975520180566	0.06739428234606266	0.23189707581776864	0.26500734287620137	0.11615612609129887	0.03112096916778581	0.04572737691092318	0.7704228050828513	1.42454070200264	0.012893651758912744	0.33651503703458124	0.6723837547980744	0.14140722680844195	0.013274303719319218	0.008828609124837518	0.0002628235029122845	0.08007574182446506	0.05877124894521911	0.07110959500393264	1.7042971029820935	0.13387218521842517	1.2807578062118279	1.7713472478199055	0.000840678665229882	0.0002966011419900262
JFNP01	0.554775769521513	0.2570968388495922	1.40440994594223	1.6037320711809686	0.49586084814755665	0.14169503312053716	0.1630609348513318	2.7754456551678626	10.219385899991304	0.059429484560124236	1.8306736200038842	3.0664638363291377	0.8539707955195266	0.10063835714758555	0.06078389967661626	0.0009118320206286696	0.23680385667522316	0.20398699261738087	0.37988547873110473	15.580562239161422	0.9132744979282885	11.520356818819966	18.106166214614596	0.012084045313612008	0.006475564009694177
JFNQ01	0.40628283448360447	0.1628771826381718	0.7468285205741068	0.7945100124214151	0.2819502335897613	0.08131199004399405	0.09325719516167354	1.466183064347718	4.077895643025303	0.02093749043165638	0.7512246319103114	1.3315339848149754	0.3963365633957511	0.04708724910926122	0.027799291910967038	0.0009966526352408077	0.15843397474486984	0.1192791629818333	0.22497274878347748	8.12447100287463	0.5010898485536501	5.691031227852105	7.447071297211549	0.006680907824896082	0.0017110030213290882
JFNR01	0.13239908352992588	0.0652457991638761	0.21938617937547808	0.22483265027267016	0.10117392909845244	0.026446107889574053	0.05312911721014956	0.7730902167174738	1.5920418114270791	0.012726416090667726	0.33546216533603546	0.6686582657049148	0.13329564691647924	0.013752804659390655	0.003910002088994567	0.00017009473897717324	0.06501691313156335	0.05085539528389854	0.06606907848060056	1.6927018918393184	0.13441197700157526	1.1673024289318807	1.5748185002097408	0.0032563497639845258	0.0038412730172036513
JFNS01	0.14957917526027975	0.06245832435400429	0.23715472767797463	0.23634672407192886	0.10184025445076268	0.028399414539772752	0.057380021595124925	0.811573970967012	1.5624863641925688	0.010821359904468723	0.3348746932710418	0.6816633221864725	0.1229588602804091	0.01451500267666405	0.008443412064292699	0.0	0.06596157735666067	0.051445353538313865	0.0655549326467817	1.7387665350404617	0.1367090274116113	1.2237659586239107	1.577925615346416	0.00315998261523591	0.002787943331382135
JFNT01	0.5492528100558748	0.19191351757880615	0.7094483239146093	0.7243331023044122	0.39669512075250624	0.0909994151503076	0.1794087771420897	1.1010931452578294	3.1985003238699203	0.01993658401970447	0.6081630526753591	1.0436639904566676	0.2735871232919984	0.0400502388761596	0.02657159570497535	0.0	0.2433545895697017	0.22041846402455864	0.1555720298676735	5.282442472269026	0.35158941589527876	3.658075958365606	5.1593286436447885	0.003779746801944544	0.0011552999688962365
JFNU01	1.288505036726125	0.578321656472985	2.49184296070059	2.6903982413419025	1.0898452783486428	0.28775654294326947	0.36372610386119314	2.3455640597941043	5.62041196466254	0.045208957179770984	1.2275887481743437	2.705768118847189	1.1438738980420158	0.11697042854260259	0.07911789143377031	0.0016424916822760038	0.38774743188354044	0.34015655538050715	0.6766268273596161	14.84436435117747	1.0970923584240346	11.981421161727726	19.21626996661796	0.012975563613784134	0.004572783866122036
JFNV01	0.18951075670731238	0.0814127509374539	0.4707696026390409	0.4685710190438572	0.1653721074214137	0.04206969496843013	0.04689392707390609	0.8890536625947875	2.6173719107544287	0.01574580971998932	0.5246229670468125	0.9060509179423644	0.2488664759698833	0.016018345714140812	0.016075992580114423	0.002162700165976208	0.051731314858291674	0.037607274284782784	0.11755069891276394	4.143500849927462	0.29625639122576763	2.9000233948653222	4.029499039376998	0.0063656962024341655	0.004231426483099879
JFNW01	0.09051170873014397	0.033929443223218086	0.21888434815628677	0.22324024775052856	0.07560031846363575	0.018773373435459362	0.02194204909604357	0.8374497351579191	1.5596614905005215	0.00881934164481	0.3122416319101748	0.711615530236766	0.12157762614427184	0.013311028578432155	0.008157061638226245	0.00016954033213265952	0.034884193859802605	0.032551942766708794	0.050987453780980165	1.7959909894986177	0.1345349687665372	1.261533308413459	1.6265288923485637	0.0014563835742082089	0.0002779700313005225
JFNX01	0.3397454246531969	0.10544639368666658	0.35269163162100703	0.33753086295973117	0.16414674583433422	0.04164710015631851	0.08925937331624519	0.9667266950385154	1.8021876871110296	0.01662164325139246	0.3616961468475218	0.849239977472941	0.15166579130774208	0.018384111025541723	0.013390695381948918	0.0	0.12002919217020418	0.10839022024232077	0.08563542781920207	2.018640921241066	0.15490634123298197	1.4271054803076606	1.953110836357769	0.0034500883774102415	0.0
JFNY01	0.16064819226388158	0.07197610752587445	0.325890287776934	0.3362220183126909	0.12680897856546358	0.03325415893072793	0.06509209326905248	0.7711402837026564	2.2898054144142184	0.011961993207231639	0.41326266300344017	0.8622816896874311	0.18634068292222125	0.016957074009441214	0.013329596567677838	0.0008336566329136858	0.08763578239908373	0.07254947841741188	0.08260081034786422	2.737609028627675	0.1917613237451572	1.8738755246957262	2.4688915755571883	0.0014683298943663735	0.0008340941570277261
JFNZ01	0.19638295674846587	0.07501559851683372	0.2598483410304655	0.29102335956701786	0.11185203241928454	0.031029217246936577	0.050347015163900166	0.9704361282931759	1.969836761559475	0.01585365357356847	0.36414968555863275	0.8006133221569885	0.13736227218814281	0.015354162407107949	0.007176056441421005	0.000735439811799744	0.07995080244329672	0.07125599925679756	0.08270689100051923	2.1951382962674515	0.15634587184847387	1.549851906140901	2.009729344914982	0.0009080844158962443	0.002939213627289555
JFOA01	0.2711246169844345	0.1230465223478766	0.31736340754132225	0.3643356772096375	0.1549718174315991	0.05624808597186872	0.06591288152695403	1.3298646086859662	1.884150843277423	0.06275688067337959	0.4860105677788079	0.9840644296645328	0.2821567158895542	0.06467840075766856	0.03756987472008194	0.006016526331821746	0.0838350985118068	0.07204896574376327	0.0851443834131433	2.4722843869525866	0.28108685167510417	2.0664834882310017	2.319292266397817	0.001906665296481263	0.00320196325511318
JFOB01	0.1671211188590044	0.08029047908415489	0.33795869074193113	0.3593593239683093	0.13524361706192287	0.031138288593943166	0.045214397084462545	0.8671764477626541	2.0677371542247323	0.00912765915453487	0.3726153239688658	0.7279929005198545	0.16484650850736218	0.01921687725302434	0.010896501855691364	0.0015440375946698828	0.07628200261092762	0.06253543476116419	0.1054420787895197	3.355255792349173	0.2068905891845195	2.3180245912044612	3.010753154534549	0.004766227721313164	0.0017174107485229385
JFOC01	0.16612260956615124	0.05448850716764422	0.19914436675108596	0.21246031258620224	0.10152570588339611	0.023154558763131303	0.04589446599337971	0.6498611088693733	1.3440691727844343	0.006485202371467852	0.2510795495640892	0.557585997752678	0.10065771234216998	0.01194797924631512	0.008476621656438574	0.0	0.07490699615571295	0.0565764704417265	0.04779398435635478	1.616320270583498	0.10611583366883073	1.1813396384819266	1.4354951654088897	0.0004267330740307845	4.320750403757001e-05
JFOD01	0.18402348556203338	0.06656928920278203	0.28883182853369516	0.28806544677868445	0.12881385534654777	0.033522247261427496	0.04058501586307958	0.9642669146279873	1.727751588268817	0.013711019892863954	0.3995049403387969	0.877309856002003	0.15966794233795414	0.013019744431313878	0.011866140680093023	9.906930501446161e-05	0.07414660391669371	0.07579180471496404	0.08882804727819353	2.163606943365438	0.17891107482298194	1.5568001880961784	2.0884734253545716	0.002144675702946689	0.0006106566185913519
JFOE01	0.5052034773750573	0.1386907104275272	0.2749565596627197	0.3764366423626678	0.16462618001540308	0.13519958486893188	0.23593609638949484	1.1730014148618575	2.009419628645119	0.3463909350788606	0.6232797683604168	0.7978213159080101	0.22721524318459915	0.24079238486955054	0.42852744181944497	0.0	2.600511866835158	2.0259498525235946	0.06610770191960584	2.3091949302984522	0.5651590466292913	1.6701268504322337	2.382768742100991	0.47308638462247665	0.4913492082419298
LG	0.6485350375192509	0.9045975086317005	0.7552651034919124	0.6091078731962085	0.5943365169462363	0.7165146928823841	0.6598331069676004	1.375450126424357	0.6415268006954788	0.6611238192586684	0.731784985940226	0.828642881761566	0.8573004328129988	0.3683225473960731	0.238011856081262	0.311100745770418	0.8523136291719301	0.5324267610001708	0.3552415670215566	0.44978971631594467	0.8549346898220155	0.7312988492082925	0.7058369943700471	1.0471808950303603	1.4580551443064669
MED4	116.57258124283561	33.85512001745201	67.75426635651621	54.85809288688201	55.77949472391257	15.31005065143129	40.09541907472901	0.2313242233972109	0.7248403151107832	0.10231996890698213	0.5806698175334927	0.9741735029532851	3.823878524641083	6.070751121002096	4.733997493151245	0.041628336302576716	60.70767250796159	53.385307750273945	7.419005073626369	1.9372495141433417	0.7800537336434529	3.5924741424611075	38.76866537048349	0.024637812588521223	0.027383379570207405
MIT9107	2.2437577965930626	1.296082955829241	2.9667136574808235	3.1568084434262658	1.5271023262565324	0.5913909873591479	0.8802672483018961	1.3923468784118787	3.9158339449339477	0.2025055530715342	1.3218169402872628	1.901506229136396	1.4502299944887134	0.3485277839456525	0.24495594871155157	0.0764726601475745	1.195450771946256	1.018322354004436	1.572614894192718	13.854513426846744	2.0667486308505283	11.479087257659152	20.133543739095362	0.26199774169786094	0.3236482555312941
MIT9116	1.9481215390355022	1.1533885685246927	2.459468624796472	2.6784077518554907	1.4150284182094333	0.5447916106887974	0.8240467867667259	1.0951083978235931	2.6690804907525276	0.18876359504941193	0.9823525847674186	1.3913540189041524	1.1058673350577617	0.30674114233680533	0.2162441753314566	0.07270878491612351	1.1148420088013533	1.0224310830748415	1.291311275864415	9.167558080062927	1.701334242410868	8.380027488488416	14.819080445376038	0.24468210221647327	0.32567660485141725
MIT9123	3.111051498430803	1.3184887006535182	3.0898840192353747	3.100572576227156	1.8557332310221561	0.528856160224418	1.120906038791399	0.8587921409738847	3.2628776460633935	0.04226889238552513	0.9791009562486508	1.4454273336245742	1.0558474665791429	0.24779623563159764	0.19457147284565762	0.004130773688771347	1.645186268647248	1.4093820936220394	1.3564036560977428	11.238288520140419	1.731000682178222	9.54642122926059	15.95804830491949	0.023802948841044495	0.008572723354476865
MIT9201	3.885210673654447	1.931956863722937	4.853977813552655	5.16569453347376	2.501862208412269	0.8415830575240384	1.4247867571987016	3.32055507332291	11.697430601779676	0.3277982566740912	2.5776653869540214	4.077464324431562	2.1526244899184244	0.5050354585185666	0.35977729045796597	0.1140006400372225	2.2117210792221482	1.764527066409663	2.1497875859056403	39.5804089549845	3.117747572474698	29.298767281325294	40.85571106512799	0.36947783103119286	0.4545525726597183
MIT9202	1.7743419903063185	0.8208776304088667	2.784562840715102	2.9077370918560597	1.302592516884334	0.4111467404918904	0.7571521669256096	2.2802723114264354	7.998058583425307	0.08407417393488796	1.629296842018211	2.633402045337954	1.193196533378686	0.26253843648140773	0.19413022110927386	0.0022559001826649725	1.3460339916550759	1.0947061773858335	1.9695781556362744	23.54407624911592	1.9153939459737	17.217555842540943	24.088848443699064	0.03656424683799959	0.02777105810277643
MIT9211	0.3407501931869485	0.42601123570020244	0.3626157740739995	0.31691833309182665	0.17758635371012305	0.29533251649871545	0.4785592675441941	2.3671250321922424	0.5033822151273346	0.2671194793768119	0.3162463714284789	0.680399355154807	0.5147615080381324	0.07880196409595139	0.07426605662192974	0.11047382094460254	0.6690915959713074	0.5391647389892581	0.23480329586949264	0.16002769679154943	0.9432068275462976	0.206934557909798	0.49310549875105214	0.034773930177774554	0.032021076940695684
MIT9215	2.618582096358834	1.0333001302197766	3.1757044820002465	3.2126126123861876	1.690453489635002	0.5228956689139468	1.0528427626431491	2.2981408990136147	8.266417828443075	0.08699180492573923	1.6887392163879495	2.704264703023987	1.2154051124088825	0.2863810329603024	0.2031542203851913	0.003364117043676233	1.5246633584203557	1.3447381065947577	1.9111245326343558	22.99118127308065	1.8664534656717766	16.52787901924287	22.6344739165296	0.0391849288777766	0.03160743821845218
MIT9301	2.952859045336034	1.019434504867383	3.454975670006385	3.7937363787870853	1.7415952548134854	0.5174200824755929	0.734912502051273	4.877566164476829	16.204241924542245	0.19680805160184967	3.2399478438598277	5.340365470218164	1.8038053848786137	0.27814263319674687	0.20404430914851146	0.006773967453500483	0.8623838952311886	0.7770057978972417	1.067664096411433	34.090702880311625	2.172968310947217	27.884657924954258	40.369444657175535	0.20382541855639763	0.31319117952423575
MIT9302	6.484319733774309	2.9282991287784674	7.858807908834736	8.732533729217957	3.713034891354593	1.1450935447517931	1.6752231667589406	2.5834236974940104	10.099320191332657	0.13276429055616953	2.965460871987605	4.512213955950968	3.49191162024387	0.506003276492207	0.40363544922638656	0.0060145668340222625	2.668630181270446	2.2388660672225007	1.72733092495866	33.20238894524912	2.8897451994831846	28.863957214215468	51.793312077237296	0.049201936722752956	0.032951458651828414
MIT9303	0.9000829144715252	1.270210000837533	1.0176510721475964	0.7982485000020098	0.5215698191462931	1.5345724404026309	1.1737718559956558	6.526047860074562	1.6458699653214168	0.782701573724019	0.9791724671715287	2.0187939756195092	1.3445516211546578	0.2318086138963376	0.19106230475138164	0.3440228011473532	1.7821335090255699	1.365583133358853	0.4601676763606471	0.24384381936263022	0.24689163146936763	0.46308214586796287	1.1231397716014575	0.46698230520340633	0.6019325606457093
MIT9311	4.940994445815607	2.91202047286592	6.197114031574797	7.22085383049842	3.265602140074026	1.0716204741769413	1.4294445409604406	2.602894960394871	9.733932581083115	0.302506720255253	2.765649976674159	4.008077486607146	2.8427640180825104	0.598799342026577	0.43824736178733853	0.09569006678198634	1.8159613313141298	1.512130702814197	1.7484073529472217	32.37374449430417	3.3181928263741103	26.570406928121347	43.58240878434494	0.29223978121996524	0.3762942282079163
MIT9312	2.4667123176845447	1.222000827472528	3.310691591281179	3.6513088933799676	1.5506034886250382	0.5280178889467437	0.693251975206499	1.220050079911521	4.360883279105637	0.06820236109605106	1.48307271412252	2.08912619480345	1.6641634418543725	0.29756104298055175	0.22917119080649925	0.0055646953615497655	0.9628191828705907	0.8586212495685972	0.9519205643049276	13.527576594114747	1.4740911517551032	11.969260636268638	20.943280723620635	0.038583669617255956	0.02442609213844867
MIT9313	0.8172660084219567	1.0044253201297484	0.9223003761364433	0.7623981082356673	0.5282730138589844	1.0850010830022445	1.0530231006365984	6.0775294064281375	1.6078877303245485	0.7736810259596877	0.9701164965842684	2.00069682156493	1.356743874012925	0.27330990397290583	0.25153525584738257	0.3802831350920887	1.6563676880717617	1.2758077002084014	0.5180145099123402	0.34667456441007816	0.2733645683365868	0.672912578546144	1.0751406054027597	0.6668139211109062	0.8257504347543615
MIT9314	2.909779299438632	1.360314487190874	4.494786058663707	5.019731801819543	2.0981972274499023	0.7166358221801834	0.9284877483709828	6.336276038638694	21.94066493264467	0.35373528600271037	3.9896343911609176	6.592679523612755	2.261670315705401	0.4246254383384736	0.284862070367717	0.07853859650554154	1.3954385848544713	1.1128461918037316	1.3507819430674937	48.17596927156113	2.9407033495711876	36.889627194615656	49.815433806906846	0.32330840979912184	0.38026344473316553
MIT9321	0.994500303955496	0.48745989178065346	1.667495203528218	1.881783982016626	0.7530228858970759	0.26540558192621055	0.359622366156898	1.8470634363520406	6.112432491041714	0.06362016667737352	1.3041189127351671	2.030927762708861	0.928900294899227	0.17622300601513607	0.12858376857825282	0.006218043940207876	0.5296158343101487	0.4916867078286085	0.727773775951957	16.182018784349857	1.214044813144221	11.896296396214728	16.255773845945107	0.023725513157212604	0.011260570579050881
MIT9322	1.366452270212074	0.7043227689328316	2.14527929071983	2.4022323161297896	1.0012128157257352	0.394200035572924	0.46474634590509195	2.1478777034437955	7.11069826495006	0.17827539996157254	1.5533445661810708	2.4476992593082723	1.1851254101842659	0.2571566896897492	0.17847754621050121	0.05066102888050301	0.7104258914307717	0.6129816236027927	0.8902498528583986	21.265484290271637	1.5488278406809066	14.364523271983217	19.688125488118786	0.1491782297360409	0.16244480186692686
MIT9401	0.972151088552097	0.4440124557319491	1.5727426021788709	1.7004091329347937	0.7528606693108537	0.2517930065636386	0.30542675757830007	1.872071828198841	6.18032195292395	0.06868294936387942	1.2922750376145145	2.075187596337804	0.9050009898557614	0.15958992610380318	0.11540103074472502	0.009317697411105575	0.44712324179441276	0.3889329758064263	0.6434717740140887	16.171651570364272	1.1828329252077503	11.560053485560033	15.663090211411228	0.02790309200112244	0.01703781866989032
MIT9515	36.85170145297282	11.877630299686912	26.948275172321086	21.152479963897118	19.650036705952147	5.276395195598845	16.050537352067895	0.17736395513547717	0.6475888363289871	0.021662999853234634	0.40168977558709457	0.5360717713603249	1.850663438306801	2.643356882510102	2.0143531593219777	0.006396896680253163	22.028494862034393	19.237404858971463	6.235291366917186	3.02731628466943	1.3297911881070479	5.28609489041326	28.26884357844093	0.019734973638302393	0.026082240295234174
NATL1A	11.381326227500795	102.39167060518774	21.844736480881807	19.20053501188123	5.337577533168646	8.005245692864115	16.40609228016815	0.49323841478358826	0.646011029109344	0.32299867442865066	5.423287350921213	4.28388253915061	4.93156966508257	4.7564785546004735	3.598880264655189	0.09705192834632227	53.770702834007714	59.49730915767552	38.60924296210759	1.6751732749615451	39.79173168208661	0.5925856530868892	6.259203289842321	0.2320770284939678	0.29497307459882677
NATL2A	11.109232625725054	100.37751515537273	21.4583246016709	18.67242743937818	5.19101131189384	7.84591703821016	15.864949306870585	0.39514690285749554	0.590378801136893	0.2727490851778214	5.269278022947778	4.208989357146749	4.791696739905507	4.639009100106762	3.4990913357501086	0.07567735080550811	52.72969625542525	58.20091679359798	38.32110628660037	1.5550446972053766	39.77860690074137	0.45042484961745266	5.9497096275517745	0.12888255674241983	0.21428841835539397
PAC1	10.72189378626793	96.10016435651714	20.341691473384095	17.87132836019413	5.023356458265431	7.509980064173066	16.140203604922082	0.36171863594044434	0.6196542200841679	0.37493614740706055	4.842495595853353	3.812226139054532	4.458809733838454	4.387849380432856	3.3405186033813314	0.1056781870422798	49.93959436332278	54.990696338492555	36.611783074589006	2.5243059797376928	41.63405384711414	0.7748353121016893	5.707672198369736	0.2039729498663269	0.24862482731395533
SB	3.295565987513049	1.3764314490360068	4.6524914787281215	5.315635880054267	2.309721032009118	0.7353771527841422	0.9884016888831549	7.1145636817216715	24.188118970071525	0.35735880299424394	4.177030691573151	7.037174384401601	2.3296493150257453	0.43855842400437206	0.3170700380838589	0.07121813934950784	1.352326581305967	1.1484993927090252	1.5104658881340705	55.83450099856176	3.4762547832158353	41.6009060515374	53.062932644222656	0.3171132750939666	0.37247858949632634
SS2	0.08785577772618414	0.24562271629465107	0.09499729143154835	0.08354094683850471	0.04435348269487442	0.16861782058194136	0.0759546851679865	0.23899408815482212	0.06655036330087764	0.05543263414709079	0.04647479692247391	0.0740066931407761	0.06367074153490888	0.02224875781723045	0.016940462631432937	0.02213813870872015	0.1327193710332283	0.11560487887568012	0.07932988195494611	0.06499490853663395	0.4024955021485194	0.05813456246989497	0.10568635822397164	0.09408106409296411	0.05892834189982473
SS35	0.061619641311702555	0.1502079484582338	0.07839725221309209	0.05848320374198136	0.035834987435392054	0.14026529769561163	0.06448072083130421	0.22559584566319368	0.06220939709429809	0.03771312694623697	0.04257817789501802	0.0759422842189161	0.05380486610237449	0.016038789513489814	0.012614097681815985	0.01538788577370558	0.10924416431258889	0.09841592957463688	0.07240813745602935	0.04497715998328084	0.3976126630026692	0.040079267534827274	0.08803936240572406	0.022446542652591685	0.020130305404201704
SS51	0.07227231259141795	0.21242277462397713	0.08188928786390572	0.0768302004647462	0.041914050059723124	0.14242513814862723	0.08885927087225165	0.2709212552194677	0.06558296241270113	0.03055037500425931	0.052508225090757525	0.08549083575526682	0.05363621318105155	0.020544667373002395	0.01925520108051698	0.011415761414684247	0.18248888399634752	0.15270453238534046	0.12240029274040617	0.05082362677510636	0.561516149947048	0.03903233564720616	0.09218621448717498	0.017507070064436445	0.01638518321187669
